kadi/commands/tests/data/regression/aoephem1-aoephem2-aoratio-aoargper-aoeccent-ao1minus-ao1plus-aomotion-aoiterat-aoorbang-aoperige-aoascend-aosini-aoslr-aosqrtmu-2024360-2025030.ecsv
# %ECSV 1.0
# ---
# datatype:
# - {name: datestart, datatype: string}
# - {name: datestop, datatype: string}
# - {name: aoephem1, datatype: int64}
# - {name: aoephem2, datatype: string}
# - {name: aoratio, datatype: float64}
# - {name: aoargper, datatype: float64}
# - {name: aoeccent, datatype: float64}
# - {name: ao1minus, datatype: float64}
# - {name: ao1plus, datatype: float64}
# - {name: aomotion, datatype: float64}
# - {name: aoiterat, datatype: int64}
# - {name: aoorbang, datatype: float64}
# - {name: aoperige, datatype: float64}
# - {name: aoascend, datatype: float64}
# - {name: aosini, datatype: float64}
# - {name: aoslr, datatype: float64}
# - {name: aosqrtmu, datatype: float64}
# meta: !!omap
# - continuity_transitions: []
# - {start: '2024:360:00:00:00.000'}
# - {stop: '2025:030:00:00:00.000'}
# - state_keys: !!python/tuple [aoephem1, aoephem2, aoratio, aoargper, aoeccent, ao1minus, ao1plus, aomotion, aoiterat, aoorbang, aoperige,
#     aoascend, aosini, aoslr, aosqrtmu]
# schema: astropy-2.0
datestart datestop aoephem1 aoephem2 aoratio aoargper aoeccent ao1minus ao1plus aomotion aoiterat aoorbang aoperige aoascend aosini aoslr aosqrtmu
2024:360:00:00:00.000 2024:362:05:23:07.792 8133401 8A3001A 3.78707695 5.33970642 0.869638443 0.151020259 0.848979712 2.74941194e-05 10 88592.8906 788477980.44727 2.41686487 0.716137171 19690.6367 156057.312
2024:362:05:23:07.792 2024:364:20:50:48.682 8133401 8A3001A 3.78275681 5.34146214 0.86935997 0.151370525 0.848629355 2.74932863e-05 10 88681.75 788706458.41406 2.41382933 0.716819286 19730.1562 156008.906
2024:364:20:50:48.682 2025:001:12:18:29.891 8133401 8A3001A 3.77760458 5.34418011 0.86902678 0.152043998 0.847955942 2.74926897e-05 10 88787.5 788934921.78516 2.40968323 0.718127012 19777.2422 155950.25
2025:001:12:18:29.891 2025:004:03:46:18.420 8133401 8A3001A 3.76772261 5.34666157 0.868384123 0.152886569 0.847113371 2.74953418e-05 10 88986.9062 789163371.97852 2.40554142 0.719756246 19866.1758 155829.906
2025:004:03:46:18.420 2025:006:19:14:06.289 8133401 8A3001A 3.7564435 5.34767532 0.867644906 0.15343082 0.846569061 2.74977756e-05 10 89216.1562 789391830.39453 2.40263748 0.720804572 19968.668 155692.656
2025:006:19:14:06.289 2025:009:10:42:18.034 8133401 8A3001A 3.75189877 5.34864426 0.867345333 0.153754562 0.846245408 2.74950289e-05 10 89312.875 789620309.67383 2.3998456 0.721426606 20011.9844 155644.094
2025:009:10:42:18.034 2025:012:02:11:11.056 8133401 8A3001A 3.75075769 5.35144615 0.867269993 0.154401243 0.845598698 2.74900849e-05 10 89341.7969 789848821.96094 2.3953824 0.722665787 20024.9492 155639.875
2025:012:02:11:11.056 2025:014:17:40:23.250 8133401 8A3001A 3.74369478 5.35522652 0.866802096 0.155341178 0.844658732 2.74877748e-05 10 89490.4219 790077364.5957 2.39014959 0.724459171 20091.6289 155560.281
2025:014:17:40:23.250 2025:017:09:09:20.226 8133401 8A3001A 3.72924423 5.35796547 0.865837216 0.156120449 0.843879461 2.74897247e-05 10 89788.6406 790305908.67383 2.38620663 0.725938916 20225.7578 155383.438
2025:017:09:09:20.226 2025:020:00:37:46.662 8133401 8A3001A 3.71343279 5.35896301 0.864769578 0.156478167 0.843521714 2.74929007e-05 10 90115.8906 790534432.45703 2.38416815 0.726616144 20373.4609 155185.875
2025:020:00:37:46.662 2025:022:16:05:38.314 8133401 8A3001A 3.70156431 5.35908413 0.863960147 0.156549215 0.843450665 2.74944614e-05 10 90363.875 790762932.39844 2.38301754 0.726750374 20485.7422 155037.688
2025:022:16:05:38.314 2025:025:07:33:18.709 8133401 8A3001A 3.69420433 5.3595295 0.86345458 0.156645715 0.843354225 2.74942722e-05 10 90519.5625 790991404.8418 2.38144064 0.726932764 20556.3906 154947.312
2025:025:07:33:18.709 2025:027:23:00:52.499 8133401 8A3001A 3.68795013 5.36089039 0.863022804 0.157017946 0.842981935 2.74933118e-05 10 90653.1094 791219869.22656 2.37881899 0.727635384 20617.0977 154871.625
2025:027:23:00:52.499 2025:030:00:00:00.000 8133401 8A3001A 3.67836905 5.36247826 0.862357497 0.15764904 0.842350841 2.74948288e-05 10 90855.1094 791448316.70508 2.37577152 0.728823185 20709.0781 154749.406
