kadi/commands/tests/data/regression/dither_phase_pitch-dither_phase_yaw-dither_ampl_pitch-dither_ampl_yaw-dither_period_pitch-dither_period_yaw-2024360-2025030.ecsv
# %ECSV 1.0
# ---
# datatype:
# - {name: datestart, datatype: string}
# - {name: datestop, datatype: string}
# - {name: dither_phase_pitch, datatype: float64}
# - {name: dither_phase_yaw, datatype: float64}
# - {name: dither_ampl_pitch, datatype: float64}
# - {name: dither_ampl_yaw, datatype: float64}
# - {name: dither_period_pitch, datatype: float64}
# - {name: dither_period_yaw, datatype: float64}
# meta: !!omap
# - continuity_transitions: []
# - {start: '2024:360:00:00:00.000'}
# - {stop: '2025:030:00:00:00.000'}
# - state_keys: !!python/tuple [dither_phase_pitch, dither_phase_yaw, dither_ampl_pitch, dither_ampl_yaw, dither_period_pitch, dither_period_yaw]
# schema: astropy-2.0
datestart datestop dither_phase_pitch dither_phase_yaw dither_ampl_pitch dither_ampl_yaw dither_period_pitch dither_period_yaw
2024:360:00:00:00.000 2024:361:06:01:43.211 0.0 0.0 15.99789651614154 15.99789651614154 2000.0017338926173 1413.9824365605518
2024:361:06:01:43.211 2024:361:09:35:20.967 0.0 0.0 20.00149628163879 20.00149628163879 768.5740994184024 1086.95675727594
2024:361:09:35:20.967 2024:362:18:00:25.072 0.0 0.0 15.99789651614154 15.99789651614154 2000.0017338926173 1413.9824365605518
2024:362:18:00:25.072 2024:362:22:18:07.178 0.0 0.0 20.00149628163879 20.00149628163879 768.5740994184024 1086.95675727594
2024:362:22:18:07.178 2024:365:12:28:37.840 0.0 0.0 15.99789651614154 15.99789651614154 2000.0017338926173 1413.9824365605518
2024:365:12:28:37.840 2024:365:17:27:57.647 0.0 0.0 20.00149628163879 20.00149628163879 768.5740994184024 1086.95675727594
2024:365:17:27:57.647 2024:366:15:48:56.086 0.0 0.0 15.99789651614154 15.99789651614154 2000.0017338926173 1413.9824365605518
2024:366:15:48:56.086 2024:366:18:23:03.761 0.0 0.0 20.00149628163879 20.00149628163879 768.5740994184024 1086.95675727594
2024:366:18:23:03.761 2025:001:13:42:01.796 0.0 0.0 15.99789651614154 15.99789651614154 2000.0017338926173 1413.9824365605518
2025:001:13:42:01.796 2025:001:17:11:24.492 0.0 0.0 20.00149628163879 20.00149628163879 768.5740994184024 1086.95675727594
2025:001:17:11:24.492 2025:002:01:55:23.993 0.0 0.0 15.99789651614154 15.99789651614154 2000.0017338926173 1413.9824365605518
2025:002:01:55:23.993 2025:002:03:22:07.593 0.0 0.0 20.00149628163879 20.00149628163879 768.5740994184024 1086.95675727594
2025:002:03:22:07.593 2025:003:01:52:33.971 0.0 0.0 15.99789651614154 15.99789651614154 2000.0017338926173 1413.9824365605518
2025:003:01:52:33.971 2025:003:03:59:53.932 0.0 0.0 7.99894825807077 15.99789651614154 999.9993852134148 1413.9824365605518
2025:003:03:59:53.932 2025:003:08:48:42.239 0.0 0.0 15.99789651614154 15.99789651614154 2000.0017338926173 1413.9824365605518
2025:003:08:48:42.239 2025:003:12:22:20.779 0.0 0.0 20.00149628163879 20.00149628163879 768.5740994184024 1086.95675727594
2025:003:12:22:20.779 2025:004:02:47:13.732 0.0 0.0 15.99789651614154 15.99789651614154 2000.0017338926173 1413.9824365605518
2025:004:02:47:13.732 2025:004:04:47:51.310 0.0 0.0 7.99894825807077 15.99789651614154 999.9993852134148 1413.9824365605518
2025:004:04:47:51.310 2025:004:18:39:23.095 0.0 0.0 15.99789651614154 15.99789651614154 2000.0017338926173 1413.9824365605518
2025:004:18:39:23.095 2025:004:23:40:48.554 0.0 0.0 20.00149628163879 20.00149628163879 768.5740994184024 1086.95675727594
2025:004:23:40:48.554 2025:006:02:15:45.242 0.0 0.0 15.99789651614154 15.99789651614154 2000.0017338926173 1413.9824365605518
2025:006:02:15:45.242 2025:006:06:31:47.865 0.0 0.0 20.00149628163879 20.00149628163879 768.5740994184024 1086.95675727594
2025:006:06:31:47.865 2025:006:15:55:06.747 0.0 0.0 15.99789651614154 15.99789651614154 2000.0017338926173 1413.9824365605518
2025:006:15:55:06.747 2025:007:08:34:26.531 0.0 0.0 15.99789651614154 15.99789651614154 2000.0017338926173 1413.9824365605518
2025:007:08:34:26.531 2025:007:16:06:48.165 0.0 0.0 15.99789651614154 15.99789651614154 2000.0017338926173 1413.9824365605518
2025:007:16:06:48.165 2025:008:16:59:11.650 0.0 0.0 15.99789651614154 15.99789651614154 2000.0017338926173 1413.9824365605518
2025:008:16:59:11.650 2025:008:21:43:16.339 0.0 0.0 20.00149628163879 20.00149628163879 768.5740994184024 1086.95675727594
2025:008:21:43:16.339 2025:011:07:11:56.019 0.0 0.0 15.99789651614154 15.99789651614154 2000.0017338926173 1413.9824365605518
2025:011:07:11:56.019 2025:011:10:30:29.756 0.0 0.0 20.00149628163879 20.00149628163879 768.5740994184024 1086.95675727594
2025:011:10:30:29.756 2025:012:00:45:23.183 0.0 0.0 15.99789651614154 15.99789651614154 2000.0017338926173 1413.9824365605518
2025:012:00:45:23.183 2025:012:04:10:53.647 0.0 0.0 20.00149628163879 20.00149628163879 768.5740994184024 1086.95675727594
2025:012:04:10:53.647 2025:012:20:18:46.101 0.0 0.0 15.99789651614154 15.99789651614154 2000.0017338926173 1413.9824365605518
2025:012:20:18:46.101 2025:013:00:10:14.762 0.0 0.0 20.00149628163879 20.00149628163879 768.5740994184024 1086.95675727594
2025:013:00:10:14.762 2025:017:20:32:09.279 0.0 0.0 15.99789651614154 15.99789651614154 2000.0017338926173 1413.9824365605518
2025:017:20:32:09.279 2025:018:01:03:04.560 0.0 0.0 20.00149628163879 20.00149628163879 768.5740994184024 1086.95675727594
2025:018:01:03:04.560 2025:025:15:02:48.983 0.0 0.0 15.99789651614154 15.99789651614154 2000.0017338926173 1413.9824365605518
2025:025:15:02:48.983 2025:025:17:01:05.266 0.0 0.0 7.99894825807077 15.99789651614154 999.9993852134148 1413.9824365605518
2025:025:17:01:05.266 2025:025:21:20:16.488 0.0 0.0 15.99789651614154 15.99789651614154 2000.0017338926173 1413.9824365605518
2025:025:21:20:16.488 2025:026:01:41:45.920 0.0 0.0 20.00149628163879 20.00149628163879 768.5740994184024 1086.95675727594
2025:026:01:41:45.920 2025:028:19:52:53.257 0.0 0.0 15.99789651614154 15.99789651614154 2000.0017338926173 1413.9824365605518
2025:028:19:52:53.257 2025:028:20:43:38.520 0.0 0.0 15.99789651614154 7.99894825807077 2000.0017338926173 707.130383563521
2025:028:20:43:38.520 2025:029:13:49:26.875 0.0 0.0 15.99789651614154 15.99789651614154 2000.0017338926173 1413.9824365605518
2025:029:13:49:26.875 2025:029:14:58:33.701 0.0 0.0 15.99789651614154 7.99894825807077 2000.0017338926173 707.130383563521
2025:029:14:58:33.701 2025:029:21:52:29.082 0.0 0.0 15.99789651614154 15.99789651614154 2000.0017338926173 1413.9824365605518
2025:029:21:52:29.082 2025:029:22:41:15.205 0.0 0.0 15.99789651614154 7.99894825807077 2000.0017338926173 707.130383563521
2025:029:22:41:15.205 2025:030:00:00:00.000 0.0 0.0 15.99789651614154 15.99789651614154 2000.0017338926173 1413.9824365605518
