kadi/commands/tests/data/regression/pitch-rasl-etc.ecsv
# %ECSV 1.0
# ---
# datatype:
# - {name: datestart, datatype: string}
# - {name: datestop, datatype: string}
# - {name: pitch, datatype: float64}
# - {name: rasl, datatype: float64}
# - {name: off_nom_roll, datatype: float64}
# - {name: sun_ra, datatype: float64}
# - {name: sun_dec, datatype: float64}
# meta: !!omap
# - continuity_transitions: []
# - {start: '2023:030:00:00:00.000'}
# - {stop: '2023:060:00:00:00.000'}
# - state_keys: !!python/tuple [pitch, rasl, off_nom_roll, sun_ra, sun_dec]
# schema: astropy-2.0
datestart datestop pitch rasl off_nom_roll sun_ra sun_dec
[from data line 1041]
2023:059:12:38:31.251 2023:059:13:08:11.251 92.61667201588381 123.95948190561809 0.015847661784505362 340.9235781747399 -8.064038279112431
2023:059:13:08:11.251 2023:059:13:10:51.251 92.61037325641249 123.95757504625237 0.020324903801849814 340.934131053957 -8.059799536111553
2023:059:13:10:51.251 2023:059:13:48:21.251 92.60254847682468 123.95520885941957 0.011334436130425729 340.94724015929177 -8.05453354316205
2023:059:13:48:21.251 2023:059:13:53:33.150 93.57340544782227 123.76646404623872 -0.13106410435887028 340.96117502952393 -8.0489352312211
2023:059:13:53:33.150 2023:059:13:58:45.050 104.25289138003812 121.87642334451738 -1.6321019097207454 340.96456796745 -8.047572029449395
2023:059:13:58:45.050 2023:059:14:03:56.949 125.47967417675858 118.56823015273761 -3.8004284666052968 340.96796087579366 -8.04620880262263
2023:059:14:03:56.949 2023:059:14:09:08.848 148.39888561659876 114.77258881673636 -4.834006801038868 340.9713537488735 -8.044845553030255
2023:059:14:09:08.848 2023:059:14:14:20.747 165.1237140083515 109.60357948292058 -2.8361404617276094 340.9747465928093 -8.043482278220207
2023:059:14:14:20.747 2023:059:16:45:30.816 169.93604141544702 105.6883714102699 0.17707962320372417 341.02577164956426 -8.022975507740265
2023:059:16:45:30.816 2023:059:17:59:57.281 169.87375170797358 105.40821560935451 0.45122492171293516 341.09938009313504 -7.993377889377776
2023:059:17:59:57.281 2023:059:18:04:43.010 169.0557334203603 106.17836491143032 -0.23492122174661745 341.1252181016742 -7.98298444413032
2023:059:18:04:43.010 2023:059:18:09:28.740 160.05231864060045 111.37981581392776 -4.46137188682701 341.1283250488429 -7.9817345185686595
2023:059:18:09:28.740 2023:059:18:14:14.469 141.33396201560555 115.23745915037084 -6.199740773958979 341.1314319713377 -7.98048457218968
2023:059:18:14:14.469 2023:059:18:19:00.199 120.06471416723433 117.70394161675567 -5.933300924322737 341.1345388695969 -7.979234604822213
2023:059:18:19:00.199 2023:059:18:23:45.928 98.82135099352818 119.96245097981475 -4.794535952747481 341.13764574275206 -7.977984616820755
2023:059:18:23:45.928 2023:059:18:28:31.657 77.87308723833098 122.63568431708057 -2.8331201413835743 341.14075258598984 -7.976734610127106
2023:059:18:28:31.657 2023:059:18:33:17.387 63.87520605877381 125.06160241358549 -0.7745278462824103 341.1438594098172 -7.975484580519024
2023:059:18:33:17.387 2023:059:18:55:51.251 59.85140470746977 125.92889931498769 0.00266355423815412 341.152773175598 -7.971897959118174
2023:059:18:55:51.251 2023:059:19:00:51.754 60.73964414624131 125.66887419145502 -0.14361982956438624 341.16176704993444 -7.96827884834575
2023:059:19:00:51.754 2023:059:19:05:52.257 70.61126565746292 123.04922341782813 -1.501422753039833 341.1650343347847 -7.966964038034073
2023:059:19:05:52.257 2023:059:19:10:52.759 90.65248729706569 118.6482184617954 -2.7909852795298775 341.168301586694 -7.965649207037514
2023:059:19:10:52.759 2023:059:19:15:53.262 112.64467628834777 113.97994150582838 -2.447537778460571 341.1715688113583 -7.964334353069912
2023:059:19:15:53.262 2023:059:19:20:53.765 128.05527101543538 109.93218439805189 -0.8142738300156225 341.1748360144582 -7.963019473851137
2023:059:19:20:53.765 2023:059:19:32:10.816 132.50455824581866 108.46950107779817 0.009397127041381736 341.1801501581527 -7.960880735107201
2023:059:19:32:10.816 2023:059:19:45:57.012 132.4979237000516 108.46316172729276 0.017105492661812605 341.18832191447996 -7.957591741962624
2023:059:19:45:57.012 2023:059:19:50:56.695 132.49431466910522 109.3736140275174 0.02461619071533505 341.1944421607735 -7.955128307856926
2023:059:19:50:56.695 2023:059:19:55:56.378 132.50841220253582 119.46151710416741 0.04542561455673422 341.1977002580175 -7.953816856587307
2023:059:19:55:56.378 2023:059:20:00:56.062 132.54669029661935 139.86466991509025 0.07227602011590761 341.20095833387694 -7.952505380226013
2023:059:20:00:56.062 2023:059:20:05:55.745 132.5952011391749 162.33616249675143 0.0786291680864224 341.204216382663 -7.951193881068806
2023:059:20:05:55.745 2023:059:20:10:55.428 132.6431214996094 184.82537855796068 0.058797553702030214 341.20747439870263 -7.9498823614053435
2023:059:20:10:55.428 2023:059:20:15:55.111 132.68277176829895 207.2537176275421 0.014585052078970762 341.2107323876809 -7.948570818953117
2023:059:20:15:55.111 2023:059:20:20:54.795 132.70305834222782 222.99736924363376 -0.027576489483799094 341.2139903552878 -7.947259251427383
2023:059:20:20:54.795 2023:059:22:18:50.816 132.74660319834712 227.55202251791516 -0.021527993274240487 341.25408011719634 -7.931117468796412
2023:059:22:18:50.816 2023:060:00:00:00.000 132.81822914249852 227.51761855817384 0.014637794225720313 341.3255191678565 -7.9023405686826464
