kadi/commands/tests/data/regression/pitch-rasl-etc.ecsv
# %ECSV 1.0
# ---
# datatype:
# - {name: datestart, datatype: string}
# - {name: datestop, datatype: string}
# - {name: pitch, datatype: float64}
# - {name: rasl, datatype: float64}
# - {name: off_nom_roll, datatype: float64}
# - {name: sun_ra, datatype: float64}
# - {name: sun_dec, datatype: float64}
# meta: !!omap
# - continuity_transitions: []
# - {start: '2023:030:00:00:00.000'}
# - {stop: '2023:060:00:00:00.000'}
# - state_keys: !!python/tuple [pitch, rasl, off_nom_roll, sun_ra, sun_dec]
# schema: astropy-2.0
datestart datestop pitch rasl off_nom_roll sun_ra sun_dec
[from data line 463]
2023:040:08:52:10.816 2023:040:10:11:54.118 49.73132635594004 255.39701816740788 -2.71020902057829 322.44652161921346 -14.800269772534115
2023:040:10:11:54.118 2023:040:10:16:58.031 50.3531466820318 256.3535245418888 -2.119086980403793 322.4757708074199 -14.790872528991658
2023:040:10:16:58.031 2023:040:10:22:01.943 57.28898157607719 265.9788627950734 3.292800321552761 322.4792653403269 -14.789749497090757
2023:040:10:22:01.943 2023:040:10:27:05.856 72.75834316864949 281.52533085233193 9.364818722463468 322.4827598329316 -14.78862641397446
2023:040:10:27:05.856 2023:040:10:32:09.769 90.60529485086606 295.90556860657205 10.83929347469541 322.48625429124525 -14.787503277716063
2023:040:10:32:09.769 2023:040:10:37:13.681 108.2145582519327 310.54870955437826 7.7619562775940665 322.4897487046335 -14.786380091738886
2023:040:10:37:13.681 2023:040:10:42:17.594 119.91306976741349 322.8177586818163 2.262215203928264 322.4932430777249 -14.785256854560666
2023:040:10:42:17.594 2023:040:11:38:50.816 123.0809961558847 326.9147271043933 -0.030843511275037372 322.514496971061 -14.778423585678597
2023:040:11:38:50.816 2023:040:14:25:30.816 123.1008581454508 326.9445658192914 -0.12143339033003997 322.59147888178836 -14.753653532777676
2023:040:14:25:30.816 2023:040:17:12:10.816 123.13039504033479 326.9892811338193 -0.25678274194322626 322.7063994516796 -14.716618323716359
2023:040:17:12:10.816 2023:040:19:25:36.904 123.1568611554372 327.02969953878693 -0.3787120782661333 322.8098261560864 -14.683228074121713
2023:040:19:25:36.904 2023:040:19:30:46.592 123.43465940141715 327.906158294902 -0.27248850680214787 322.8575800973872 -14.667792320898833
2023:040:19:30:46.592 2023:040:19:35:56.280 126.44923273753477 337.3896483406046 1.2024955585637827 322.8611366116077 -14.666642253463529
2023:040:19:35:56.280 2023:040:19:41:05.969 132.81390269100416 357.22216908473246 2.2507549859441554 322.86469309021453 -14.665492131442717
2023:040:19:41:05.969 2023:040:19:46:15.657 137.75221321674886 14.26285415963624 0.8601747451158133 322.8682495276626 -14.664341956635134
2023:040:19:46:15.657 2023:040:19:58:50.816 139.11121980201233 19.5803314682594 0.008299086449767401 322.8743637398542 -14.662364426494019
2023:040:19:58:50.816 2023:040:20:43:20.501 139.0988489867285 19.593587560049425 -0.015820793974512526 322.89402792138344 -14.656003082293998
2023:040:20:43:20.501 2023:040:20:48:05.832 139.4153631128888 20.09717234995696 0.2607847039263902 322.91099351380456 -14.650513106035035
2023:040:20:48:05.832 2023:040:20:52:51.163 143.19041182758826 25.678221855635474 3.4202652643068348 322.91426974006146 -14.64945276331881
2023:040:20:52:51.163 2023:040:20:57:36.494 151.5202389779932 37.93345341446111 8.646834546837027 322.9175459309371 -14.648392376003375
2023:040:20:57:36.494 2023:040:21:02:21.825 161.36230205542205 55.080197268292025 10.380079272267267 322.92082208736394 -14.64733194379133
2023:040:21:02:21.825 2023:040:21:07:07.156 167.81572386601349 73.32774558540389 4.484618195945643 322.92409820841806 -14.646271466986235
2023:040:21:07:07.156 2023:040:22:45:30.816 169.49331128696994 81.20936122814388 0.1264802573855377 322.9596264293325 -14.634767422120909
2023:040:22:45:30.816 2023:040:22:53:59.822 169.45629007358565 81.16600339861377 0.1611249411474205 322.99643433857796 -14.622842066644939
2023:040:22:53:59.822 2023:040:22:58:58.694 168.56208217611555 82.0167478219757 -0.5712925298317941 323.0010711457631 -14.621339291164594
2023:040:22:58:58.694 2023:040:23:03:57.566 158.67184182166446 87.0451896900912 -4.26683286711517 323.00450184627954 -14.620227339110105
2023:040:23:03:57.566 2023:040:23:08:56.438 138.56210785369922 90.95203545704611 -5.313203020095614 323.00793250852314 -14.61911533808072
2023:040:23:08:56.438 2023:040:23:13:55.310 116.39706044852578 93.7308191696925 -4.448831090957981 323.0113631325179 -14.61800328807378
2023:040:23:13:55.310 2023:040:23:18:54.182 94.37330744670074 96.54177495921991 -2.6304325429803157 323.0147937182435 -14.616891189100983
2023:040:23:18:54.182 2023:040:23:23:53.054 79.03137506366635 98.95034268326401 -0.6971441845655022 323.0182242657237 -14.615779041159776
2023:040:23:23:53.054 2023:041:00:15:52.489 74.57829935157665 99.77232417999066 0.018180060672705167 323.0378417353624 -14.609418082133647
2023:041:00:15:52.489 2023:041:00:18:32.489 74.5613883904864 99.77009180130882 0.02349586155412453 323.0566610514708 -14.603314038874013
2023:041:00:18:32.489 2023:041:00:59:52.489 74.54777517401737 99.76829859190299 0.013478989052543966 323.0718100792318 -14.598399112436281
2023:041:00:59:52.489 2023:041:01:02:32.489 74.53416224367709 99.76650880229062 0.016680216329802988 323.08695836133046 -14.593483232342525
2023:041:01:02:32.489 2023:041:01:24:47.489 74.52645356860751 99.76549680009339 0.002204503527138968 323.09553631909506 -14.590699006294107
2023:041:01:24:47.489 2023:041:01:29:56.091 74.45278054448264 98.79182229428564 0.041133314060459725 323.104966644556 -14.587637677243835
2023:041:01:29:56.091 2023:041:01:35:04.694 73.70588320208158 88.1549465484042 0.3390362110898195 323.10850784339243 -14.586487992342763
2023:041:01:35:04.694 2023:041:01:40:13.296 72.13276400268064 66.89962519113286 0.4826863103947403 323.112049001033 -14.585338255518346
2023:041:01:40:13.296 2023:041:01:45:21.898 70.93153269003153 50.14602901031762 0.16546175140632613 323.11559011285664 -14.584188468276711
2023:041:01:45:21.898 2023:041:02:42:26.200 70.58426880332192 45.22758564771297 -0.006015188503283753 323.13700619815506 -14.5772333452203
2023:041:02:42:26.200 2023:041:02:47:33.610 71.45106854228045 44.83956112880065 -0.33120146674809803 323.1584139558526 -14.570278540751051
2023:041:02:47:33.610 2023:041:02:52:41.020 81.24921950218645 41.098229616209764 -3.318480036334904 323.1619408584763 -14.569132516165356
2023:041:02:52:41.020 2023:041:02:57:48.430 101.20737667162416 35.092116950792075 -7.410564245239357 323.16546772070757 -14.56798643998367
2023:041:02:57:48.430 2023:041:03:02:55.840 123.19200097897198 29.390449070699486 -9.804661389881971 323.1689945425483 -14.566840312210937
2023:041:03:02:55.840 2023:041:03:08:03.249 145.25503317158905 22.60803112466193 -9.56602143572664 323.17252131845913 -14.565694134653107
2023:041:03:08:03.249 2023:041:03:13:10.659 160.97214169125215 13.198500984139502 -4.367801208721886 323.1760480535237 -14.56454790566376
2023:041:03:13:10.659 2023:041:04:10:14.364 165.4152653444759 7.653293627013622 -0.014610612082776697 323.19744967338653 -14.55759074835844
2023:041:04:10:14.364 2023:041:04:15:02.504 164.77741005116835 6.061130959746451 1.174894619643993 323.21873928556204 -14.550667638805514
2023:041:04:15:02.504 2023:041:04:19:50.644 157.3355960672365 353.2125619425249 9.562420948407492 323.22204445825037 -14.549592627601887
2023:041:04:19:50.644 2023:041:04:24:38.784 141.18333210942194 339.7249053634081 13.421736580007178 323.22534959502116 -14.548517571291724
2023:041:04:24:38.784 2023:041:04:29:26.924 122.89453773718262 329.6541989032163 11.367940451169716 323.2286546968007 -14.547442469578337
2023:041:04:29:26.924 2023:041:04:34:15.064 105.27862932828455 320.3459593787777 6.408622155893937 323.2319597626659 -14.546367322766585
2023:041:04:34:15.064 2023:041:04:39:03.204 93.90248534924646 313.4970951565116 1.6262249836692177 323.2352647935321 -14.5452921305633
2023:041:04:39:03.204 2023:041:05:02:37.274 90.73829055358661 311.35895506260994 -0.0007063980739303588 323.24502695268177 -14.542115974745016
2023:041:05:02:37.274 2023:041:05:07:42.099 90.30205719211934 312.1573877664462 -0.29360469828577607 323.25488448587873 -14.53890828608343
2023:041:05:07:42.099 2023:041:05:12:46.924 85.22995300347517 320.8075718578367 -3.0014120408256204 323.2583806358225 -14.537770500799303
2023:041:05:12:46.924 2023:041:05:17:51.749 74.14808464512616 337.84195057548715 -6.062299836996356 323.2618767465734 -14.536632664763207
2023:041:05:17:51.749 2023:041:05:22:56.575 61.68329644667786 357.24574737887514 -5.360405446809182 323.2653728231971 -14.535494776331786
2023:041:05:22:56.575 2023:041:05:28:01.400 53.31919370748452 12.867716654120255 -1.657081689475433 323.2688688601554 -14.534356837312838
2023:041:05:28:01.400 2023:041:07:00:37.667 51.062335500215966 17.832442128365308 -0.0033988044854140753 323.30247720436205 -14.523414284651134
2023:041:07:00:37.667 2023:041:07:05:19.352 51.67239951006711 17.213730751377597 -0.5082850766386287 323.3359492183726 -14.51251029054967
2023:041:07:05:19.352 2023:041:07:10:01.037 58.99821176206116 11.305078343502625 -5.034048380893978 323.33917911893457 -14.511457795936336
2023:041:07:10:01.037 2023:041:07:14:42.722 75.11813122168414 1.9428263511479447 -11.144050881159671 323.3424089861235 -14.51040525806033
2023:041:07:14:42.722 2023:041:07:19:24.407 94.36920810585436 353.61677701138905 -14.699722441257293 323.3456388194866 -14.509352677073439
2023:041:07:19:24.407 2023:041:07:24:06.092 113.92348023535956 345.83258122872195 -15.547391280910489 323.3488686185611 -14.508300053130892
2023:041:07:24:06.092 2023:041:07:28:47.777 133.1154921333742 336.58283837993747 -13.100247154740273 323.3520983842615 -14.50724738593886
2023:041:07:28:47.777 2023:041:07:33:29.462 145.48320173377138 327.4392940138625 -7.929694510115652 323.3553281161408 -14.506194675647377
2023:041:07:33:29.462 2023:041:09:52:10.816 148.92647591159445 323.90179661085443 -5.5084225860725695 323.4046440914849 -14.49011373054408
2023:041:09:52:10.816 2023:041:12:23:40.304 148.9569614554281 324.03841007751737 -5.697010629300777 323.5044257163372 -14.457538399299139
2023:041:12:23:40.304 2023:041:12:28:23.751 149.2095663251308 323.5829677027441 -6.057749856729217 323.55812870279846 -14.43998484785629
2023:041:12:28:23.751 2023:041:12:33:07.197 151.9470996961614 317.5147102535318 -8.790408505810177 323.561376462442 -14.438922794965045
2023:041:12:33:07.197 2023:041:12:37:50.644 158.00039323841474 303.7495986434664 -12.939317670338028 323.56462418793427 -14.437860698685398
2023:041:12:37:50.644 2023:041:12:42:34.090 165.0949510580021 283.709413129532 -12.654776774860807 323.5678718792764 -14.436798559021327
2023:041:12:42:34.090 2023:041:12:47:17.537 169.53250133493995 262.91663215049596 -4.855235008347961 323.5711195364702 -14.435736375976669
2023:041:12:47:17.537 2023:041:14:32:27.904 170.68344600449407 254.54481398267768 -0.21775575304283734 323.6088921418381 -14.423378412045297
2023:041:14:32:27.904 2023:041:14:37:28.849 169.79661785709607 254.6895962243031 -0.380626243422455 323.6467603483437 -14.410981768129844
2023:041:14:37:28.849 2023:041:14:42:29.793 159.60980746271161 255.37130220692185 -1.157684692851575 323.650207611635 -14.409852894279796
2023:041:14:42:29.793 2023:041:14:47:30.738 139.0562252613546 255.64186245242092 -1.6309920707464869 323.65365483647594 -14.408723971638755
2023:041:14:47:30.738 2023:041:14:52:31.682 116.49032341850396 255.6500794230318 -1.8964498308178008 323.65710202286846 -14.407595000211428
2023:041:14:52:31.682 2023:041:14:57:32.627 93.92460071333683 255.55513967911068 -2.1311185164586135 323.6605491712787 -14.406465979850342
2023:041:14:57:32.627 2023:041:15:02:33.571 71.42764387339096 255.36086200120727 -2.4152867899013444 323.66399628077954 -14.405336910864428
2023:041:15:02:33.571 2023:041:15:07:34.516 55.58075672871631 255.12003820927725 -2.704702104293645 323.6674433518376 -14.404207793106115
2023:041:15:07:34.516 2023:041:15:25:30.816 50.982842596301836 255.01952470854002 -2.8164186319291673 323.6753308101399 -14.401623957505409
2023:041:15:25:30.816 2023:041:18:12:10.816 51.04756539521347 255.00036830152274 -2.821810799833827 323.73875727334223 -14.38083454379406
2023:041:18:12:10.816 2023:041:18:34:34.988 51.11385245001404 254.9807864676251 -2.8273230532285396 323.8037041770944 -14.359525268443164
2023:041:18:34:34.988 2023:041:18:39:26.230 51.77301020457713 255.67902812104947 -2.3062862955244015 323.81306601702215 -14.356451827471503
2023:041:18:39:26.230 2023:041:18:44:17.473 59.299964239017896 262.6537578810182 2.599877113146377 323.81640035251155 -14.355357074255469
2023:041:18:44:17.473 2023:041:18:49:08.715 75.82758358632225 273.70062840319554 8.826897222766306 323.8197346525326 -14.35426227540305
2023:041:18:49:08.715 2023:041:18:53:59.958 95.19657011695934 283.6434762887635 11.81392360976605 323.8230689166283 -14.353167431069073
2023:041:18:53:59.958 2023:041:18:58:51.200 114.78710022780903 293.45101046567186 11.42857497696572 323.82640314434167 -14.352072541408383
2023:041:18:58:51.200 2023:041:19:03:42.443 133.80970182805717 305.9253935380553 6.4604890913452095 323.82973733659173 -14.350977606123939
2023:041:19:03:42.443 2023:041:19:08:33.685 145.87889065968125 319.1952041093269 -2.2790329844443846 323.8330714924628 -14.349882625521227
2023:041:19:08:33.685 2023:041:20:58:50.816 149.0667824799338 324.5442283087351 -6.3944618854233255 323.8726124230913 -14.336892498784788
2023:041:20:58:50.816 2023:041:23:42:09.306 149.0943104483606 324.67474618081945 -6.573685408213279 323.96654901846347 -14.305999851119067
2023:041:23:42:09.306 2023:041:23:46:57.239 148.98234752016845 323.44642314936743 -6.030806509819897 324.02425334564606 -14.287000306731684
2023:041:23:46:57.239 2023:041:23:51:45.173 147.05567478168538 309.4274045846188 0.6242189869715276 324.0275475509156 -14.285915150964698
2023:041:23:51:45.173 2023:041:23:56:33.106 140.9006423181306 284.56032171266236 10.000324887758538 324.03084172117474 -14.284829951000761
2023:041:23:56:33.106 2023:042:00:01:21.039 132.05610780876887 261.9818816118785 14.22157653342299 324.03413585044086 -14.283744708815503
2023:042:00:01:21.039 2023:042:00:06:08.973 122.76010289908645 242.80410615358116 13.68011939214842 324.03742995067927 -14.282659420471617
2023:042:00:06:08.973 2023:042:00:10:56.906 114.07345507043188 225.11129727133763 9.878139677214627 324.04072401591793 -14.281574087941161
2023:042:00:10:56.906 2023:042:00:15:44.839 106.85158064522543 207.93325997504735 3.755067331687215 324.04401804063235 -14.280488713049063
2023:042:00:15:44.839 2023:042:00:20:32.773 103.08377024978158 196.21647517618507 -1.4062665430961623 324.0473120358598 -14.279403292163208
2023:042:00:20:32.773 2023:042:02:32:10.816 102.21822547279491 192.78418574393206 -2.978040624263908 324.094132551482 -14.263969207382974
2023:042:02:32:10.816 2023:042:05:18:50.816 102.27308029288511 192.73961952921593 -2.8866763386680745 324.1964775878036 -14.230192668560237
2023:042:05:18:50.816 2023:042:06:50:46.740 102.32060841057695 192.70096363374367 -2.8074435386293537 324.2851738297894 -14.200877189250207
2023:042:06:50:46.740 2023:042:06:55:26.362 103.0641061062891 192.48477955753538 -2.9100097722985296 324.3182973699431 -14.189919024247093
2023:042:06:55:26.362 2023:042:07:00:05.984 111.29226085879768 190.26858038669835 -4.248863745095415 324.32149345529876 -14.188861375800583
2023:042:07:00:05.984 2023:042:07:04:45.606 128.55978993828623 185.75440839857905 -6.156536090706994 324.3246895073173 -14.187803686166687
2023:042:07:04:45.606 2023:042:07:09:25.228 148.24755250764682 179.57995716951837 -6.23260595307778 324.32788552691613 -14.18674595504602
2023:042:07:09:25.228 2023:042:07:14:04.850 161.15552525238635 172.33631254684988 -2.7644774222220576 324.33108151318083 -14.185688182745452
2023:042:07:14:04.850 2023:042:08:05:30.816 164.81111356623074 168.54503988876124 -0.03069114444446086 324.3503145950722 -14.179321526956597
2023:042:08:05:30.816 2023:042:10:52:10.816 164.8207936879552 168.24671780434846 0.2594604123432305 324.42508470809236 -14.154552701458638
2023:042:10:52:10.816 2023:042:12:20:54.661 164.8316563511748 167.89698183839565 0.599673449303566 324.51261868365964 -14.125519384800972
2023:042:12:20:54.661 2023:042:12:25:31.229 164.21002977977273 169.11909622277105 -0.36736239604664434 324.5446036235825 -14.114900857840583
