kadi/commands/tests/data/regression/pitch-rasl-etc.ecsv
# %ECSV 1.0
# ---
# datatype:
# - {name: datestart, datatype: string}
# - {name: datestop, datatype: string}
# - {name: pitch, datatype: float64}
# - {name: rasl, datatype: float64}
# - {name: off_nom_roll, datatype: float64}
# - {name: sun_ra, datatype: float64}
# - {name: sun_dec, datatype: float64}
# meta: !!omap
# - continuity_transitions: []
# - {start: '2023:030:00:00:00.000'}
# - {stop: '2023:060:00:00:00.000'}
# - state_keys: !!python/tuple [pitch, rasl, off_nom_roll, sun_ra, sun_dec]
# schema: astropy-2.0
datestart datestop pitch rasl off_nom_roll sun_ra sun_dec
[from data line 116]
2023:032:21:05:28.525 2023:032:21:10:19.273 168.19029540345795 249.66366505576693 1.7529800199522612 314.884474169094 -17.07400820996491
2023:032:21:10:19.273 2023:032:21:15:10.022 168.84425031657656 266.3770379761854 4.513428574772178 314.8879024468971 -17.073049787660242
2023:032:21:15:10.022 2023:032:21:20:00.770 169.73235971660574 286.2941301844398 6.413984600389867 314.8913306861181 -17.0720913087949
2023:032:21:20:00.770 2023:032:21:24:51.519 170.68702774613908 307.9990853113243 6.494836090247958 314.89475888582433 -17.071132773634048
2023:032:21:24:51.519 2023:032:21:29:42.267 171.56478866115074 331.8928923608256 4.1925690729270855 314.8981870464772 -17.070174182053048
2023:032:21:29:42.267 2023:032:21:34:33.016 172.03876531576233 349.7059281536621 1.0927873174449871 314.90161516808865 -17.069215534052923
2023:032:21:34:33.016 2023:032:23:05:30.816 172.14089147974786 355.2950315729445 -0.2550330321035119 314.93550270968205 -17.059735519857014
2023:032:23:05:30.816 2023:033:01:07:27.054 172.12545470207834 355.80417922985504 -0.7913016740476451 315.01079166190584 -17.03864995467948
2023:033:01:07:27.054 2023:033:01:12:39.396 171.2959976078459 357.45411063068116 -1.879744156519962 315.0557447962818 -17.0260448246376
2023:033:01:12:39.396 2023:033:01:17:51.738 162.31201971135715 5.77556488701148 -3.866902486602669 315.05942559041614 -17.02501219558558
2023:033:01:17:51.738 2023:033:01:23:04.080 149.13745467458406 12.73847074299936 -1.206350809230571 315.06310633998555 -17.023979501523407
2023:033:01:23:04.080 2023:033:01:52:10.816 145.10171760621708 14.63047194451419 -0.023179264564817004 315.07523847501204 -17.020575085262273
2023:033:01:52:10.816 2023:033:01:56:10.251 145.0957122893804 14.64137602593628 -0.040650866132068586 315.0869405770593 -17.017290543431262
2023:033:01:56:10.251 2023:033:01:58:50.251 145.0945042605423 14.643568400129931 -0.038322931098434765 315.0892939094393 -17.0166299163362
2023:033:01:58:50.251 2023:033:02:28:30.251 145.0886356227358 14.654213770344048 -0.030720745070027533 315.10072345245976 -17.013420966308036
2023:033:02:28:30.251 2023:033:02:31:10.251 145.08276467731417 14.66485455536862 -0.03964718237904208 315.11215256172324 -17.010211390981574
2023:033:02:31:10.251 2023:033:02:52:41.251 145.07837198117892 14.672810205045394 -0.017898767913777647 315.12070054491716 -17.007810418536007
2023:033:02:52:41.251 2023:033:02:57:29.645 144.8039686167586 13.485560465053695 0.5590475226322837 315.1300046331149 -17.00519659511434
2023:033:02:57:29.645 2023:033:03:02:18.040 141.3595104797278 0.9934416704393692 6.219578890736926 315.1334023808594 -17.00424193299085
2023:033:03:02:18.040 2023:033:03:07:06.434 132.55619530342122 339.6059409592628 12.987848125864417 315.13680009023136 -17.003287215643535
2023:033:03:07:06.434 2023:033:03:11:54.829 121.4529271071893 319.99949823246055 14.753032841392425 315.14019776169744 -17.00233244294553
2023:033:03:11:54.829 2023:033:03:16:43.223 110.47695991611482 302.53002402043995 12.320399719223246 315.1435953943089 -17.001377615167748
2023:033:03:16:43.223 2023:033:03:21:31.617 100.7206357133067 285.63891378345204 6.839370877033829 315.1469929823866 -17.000422733910607
2023:033:03:21:31.617 2023:033:03:26:20.012 95.19265004235598 273.93503118447575 1.6820127582944338 315.150390538723 -16.999467795583172
2023:033:03:26:20.012 2023:033:04:38:50.816 93.82823068549057 270.4774461862499 -0.00690578507349926 315.17771618660123 -16.99178507948804
2023:033:04:38:50.816 2023:033:07:25:30.816 93.90886331594591 270.45441835897014 -0.03140625793629681 315.2622290769447 -16.96799693505868
2023:033:07:25:30.816 2023:033:08:12:14.647 93.9808015255018 270.43393632330844 -0.05326902301672476 315.3376116923296 -16.94674430413504
2023:033:08:12:14.647 2023:033:08:17:13.638 94.10044993952354 271.3295803878497 -0.009026518297446273 315.3558767268275 -16.941589959017335
2023:033:08:17:13.638 2023:033:08:22:12.629 95.2762942063942 281.26826205547184 0.42650284032716 315.3593966731605 -16.940596420564205
2023:033:08:22:12.629 2023:033:08:27:11.620 97.77879273755465 301.3497823312415 0.6595417007907827 315.3629165782862 -16.939602823051203
2023:033:08:27:11.620 2023:033:08:32:10.611 99.6758868767243 316.9340354215668 0.2311002668008797 315.3664364417339 -16.938609166616043
2023:033:08:32:10.611 2023:033:10:12:10.816 100.2115360466842 321.47315894180014 -0.024090813914966702 315.40351249883133 -16.92813831328968
2023:033:10:12:10.816 2023:033:12:58:50.816 100.2468247845884 321.4614738792133 -0.11254966039341241 315.49766658655636 -16.90151251125988
2023:033:12:58:50.816 2023:033:15:45:30.816 100.29090005549205 321.4470183160061 -0.22314564989947883 315.6153162322631 -16.86817141764903
2023:033:15:45:30.816 2023:033:16:59:10.106 100.3226524887251 321.436700191656 -0.30289793244206464 315.7001088891237 -16.84409290894305
2023:033:16:59:10.106 2023:033:17:03:53.304 101.12209802709998 321.33520551900796 -0.36956356167068805 315.72775670392406 -16.836232937344995
2023:033:17:03:53.304 2023:033:17:08:36.502 110.00008133298238 320.24391782392775 -0.7430147569286305 315.7310866020406 -16.835285990421635
2023:033:17:08:36.502 2023:033:17:13:19.700 128.05020114974664 317.91549397944885 -0.9596862839520242 315.7344164627811 -16.83433899108383
2023:033:17:13:19.700 2023:033:17:18:02.898 141.89761247831723 315.6429821669565 -0.3825718903609783 315.7377462870998 -16.833391939064285
2023:033:17:18:02.898 2023:033:18:32:10.816 145.89455945051034 314.8259569013425 -0.04067126164858337 315.7655589262925 -16.825479144985092
2023:033:18:32:10.816 2023:033:21:18:50.816 145.93510719152238 314.91147575598603 -0.17358753290157836 315.8504774439655 -16.801292326102192
2023:033:21:18:50.816 2023:034:00:05:30.816 145.99099823425905 315.0303879948313 -0.35803386759344846 315.9679890672967 -16.767754671900494
2023:034:00:05:30.816 2023:034:01:11:34.497 146.0298556620968 315.1137754455687 -0.4871229498243679 316.05000656752765 -16.74430056820435
2023:034:01:11:34.497 2023:034:01:16:12.341 145.33661683755417 314.67912069691045 -0.26341202119070317 316.0749152840285 -16.737170006512116
2023:034:01:16:12.341 2023:034:01:20:50.185 137.29132439448165 310.25535910627315 1.8689837913010052 316.07817845602466 -16.736235605176766
2023:034:01:20:50.185 2023:034:01:25:28.029 120.30234863454281 303.5409749363708 3.333188238425066 316.0814415925779 -16.735301153649576
2023:034:01:25:28.029 2023:034:01:30:05.874 100.9337813301066 297.27337002699 2.3867240986428584 316.0847046993508 -16.734366650312737
2023:034:01:30:05.874 2023:034:01:34:43.718 88.32885937906501 293.1038186295563 0.6463594775437969 316.0879677711528 -16.733432096656408
2023:034:01:34:43.718 2023:034:02:52:10.816 84.75782334894993 291.8199564871432 -0.04286923835672951 316.1168860639156 -16.72514717356075
2023:034:02:52:10.816 2023:034:04:28:22.097 84.80569493433414 291.79888836113736 -0.08107529847244166 316.1780515688034 -16.707608006675905
2023:034:04:28:22.097 2023:034:04:32:47.290 85.19819649794036 292.3362001603185 0.10300054110031454 316.21348554637774 -16.69743764787158
2023:034:04:32:47.290 2023:034:04:37:12.484 89.53434776651909 298.5613080347139 2.2160875276404255 316.21659870726313 -16.6965437601687
2023:034:04:37:12.484 2023:034:04:41:37.677 98.93238591261046 310.8643638019581 5.042473422037801 316.2197118363459 -16.695649826750817
2023:034:04:41:37.677 2023:034:04:46:02.871 106.4276770690687 320.28357217393653 5.828695851373766 316.2228249326972 -16.694755847887986
2023:034:04:46:02.871 2023:034:05:38:50.816 108.58465194585894 323.01807274349744 5.800553073686814 316.24297489645113 -16.688968114943037
2023:034:05:38:50.816 2023:034:08:25:30.816 108.61143263767623 323.02029105534405 5.7240620232688 316.3202483730349 -16.66675133620274
2023:034:08:25:30.816 2023:034:11:12:10.816 108.65204789285796 323.0238044538209 5.607842019094534 316.4375763931657 -16.63295400553398
2023:034:11:12:10.816 2023:034:13:58:50.816 108.69259022551863 323.02749168517613 5.491570893975066 316.55485859476926 -16.599092184721027
2023:034:13:58:50.816 2023:034:14:02:45.468 108.7133087904398 323.02944580189023 5.43205137718455 316.6148580084818 -16.581739097994888
2023:034:14:02:45.468 2023:034:14:07:47.935 109.20200779664222 322.4721785574268 5.007519741334804 316.6180064730578 -16.580827935647996
2023:034:14:07:47.935 2023:034:14:12:50.403 114.80286430333032 316.47726095429283 0.6227468172975819 316.6215524190179 -16.579801675702996
2023:034:14:12:50.403 2023:034:14:17:52.870 127.17296304347194 304.88204063335724 -6.766313908929632 316.6250983235791 -16.57877535686857
2023:034:14:17:52.870 2023:034:14:22:55.337 141.86874750960231 291.8376866922811 -12.220171858835968 316.62864418013476 -16.577748981062147
2023:034:14:22:55.337 2023:034:14:27:57.805 157.02138872051094 274.9323199698603 -12.164927477827703 316.63219000049196 -16.576722544871068
2023:034:14:27:57.805 2023:034:14:33:00.272 167.15682117342666 251.43817890144416 -0.031503486145069814 316.6357357794475 -16.575696049806442
2023:034:14:33:00.272 2023:034:16:45:30.816 169.66057623881463 238.40461109444962 9.73393718380754 316.6841059700491 -16.561685912861844
2023:034:16:45:30.816 2023:034:19:32:10.816 169.7623980417889 238.2259448842422 9.88507919045147 316.78928567839006 -16.531175759570075
2023:034:19:32:10.816 2023:034:19:40:01.505 169.82175716173063 238.12037815077056 9.9746202786041 316.85062079636333 -16.513355148917046
2023:034:19:40:01.505 2023:034:19:44:58.594 168.93750360590104 238.06009813192583 9.91041269346254 316.85511778733235 -16.512047738192496
2023:034:19:44:58.594 2023:034:19:49:55.683 159.1166633630089 237.4164512197853 9.173943501639314 316.8585979307063 -16.511035877635837
2023:034:19:49:55.683 2023:034:19:54:52.772 139.1843958585106 235.96177645483752 7.665364910344749 316.86207803375737 -16.510023960701183
2023:034:19:54:52.772 2023:034:19:59:49.861 117.16456164667805 234.08513404514727 5.768517791260521 316.8655580969447 -16.509011987259807
2023:034:19:59:49.861 2023:034:20:04:46.950 95.21478256433527 231.69591555330058 3.3692929449660625 316.8690381193418 -16.507999957585902
2023:034:20:04:46.950 2023:034:20:09:44.039 73.50357662059832 228.29878304773777 -0.03408530643470442 316.8725181014077 -16.50698787155075
2023:034:20:09:44.039 2023:034:20:14:41.128 58.56811046196138 224.71672101368497 -3.6188849088450183 316.8759980431491 -16.505975729157207
2023:034:20:14:41.128 2023:034:22:18:50.816 54.32053993991803 223.35400397905946 -4.95840611955542 316.9213651566155 -16.492774458255735
2023:034:22:18:50.816 2023:035:00:31:39.673 54.399096256645365 223.36057593465583 -4.9031788809653705 317.0116397232787 -16.466471272006473
2023:035:00:31:39.673 2023:035:00:36:34.720 55.30683497479168 223.55170197146666 -4.694662220171196 317.06001317032946 -16.452357932099087
2023:035:00:36:34.720 2023:035:00:41:29.767 64.93083784555186 225.33146111989686 -3.014101014642989 317.06346703647 -16.45134973672127
2023:035:00:41:29.767 2023:035:00:46:24.814 84.63251908508838 227.87310123998665 -0.715838795896687 317.0669208628972 -16.450341485998884
2023:035:00:46:24.814 2023:035:00:51:19.861 106.60363263125319 229.86140224189737 0.8907843749463282 317.070374649601 -16.44933317993955
2023:035:00:51:19.861 2023:035:00:56:14.908 128.61414109370872 231.5294291985797 1.9075535602832971 317.073828396119 -16.448324818682977
2023:035:00:56:14.908 2023:035:01:01:09.955 150.52391567022622 233.39751148064943 2.2529027897063116 317.07728210339593 -16.44731640195803
2023:035:01:01:09.955 2023:035:01:06:05.002 165.66734746660916 235.92894595184615 1.1150365311433177 317.0807357709523 -16.44630792990938
2023:035:01:06:05.002 2023:035:03:52:10.816 170.1052848954234 237.58255424892707 -0.16090544879853752 317.14078358792597 -16.428763253543234
2023:035:03:52:10.816 2023:035:03:59:42.526 170.1641825884132 237.47131277800494 -0.06548264111415136 317.201735937043 -16.4109336166411
2023:035:03:59:42.526 2023:035:04:04:32.795 169.38279700494263 236.0402656722469 1.1495589091356138 317.20607674273117 -16.40966306022506
2023:035:04:04:32.795 2023:035:04:09:23.065 160.4425513572931 227.41655072772508 7.353655466968853 317.20947303070875 -16.408668891089967
2023:035:04:09:23.065 2023:035:04:14:13.334 141.83737413375303 220.52803965466276 9.028285955388 317.2128692807528 -16.407674668432573
2023:035:04:14:13.334 2023:035:04:19:03.604 120.96190902404794 215.56205869826053 7.370910949746637 317.2162654923957 -16.406680392394218
2023:035:04:19:03.604 2023:035:04:23:53.873 100.42953774365974 210.6818276689438 4.167976625428139 317.21966166516944 -16.405686063116427
2023:035:04:23:53.873 2023:035:04:28:44.143 86.64154487459417 206.79234565411355 1.0556559911799255 317.2230578000128 -16.404691680328806
2023:035:04:28:44.143 2023:035:06:38:50.816 82.7315512176096 205.50816873218935 0.006766726819719793 317.2704206562482 -16.390817179769872
2023:035:06:38:50.816 2023:035:08:45:32.277 82.79262610338156 205.49122600633916 0.0739543649720531 317.36052951083195 -16.364385968329884
2023:035:08:45:32.277 2023:035:08:49:57.668 83.46304682229798 205.28846261114404 -0.03234583282849712 317.4065255055136 -16.3508766643004
2023:035:08:49:57.668 2023:035:08:54:23.060 90.85946948166877 203.1695933750707 -1.4897615363184542 317.40962863990086 -16.349964828800726
2023:035:08:54:23.060 2023:035:08:58:48.451 106.64908821591017 199.16518491740413 -3.7535204192050386 317.412731741766 -16.34905294901883
2023:035:08:58:48.451 2023:035:09:03:13.842 125.81413552982 194.53560585964266 -5.1571699185847795 317.4158348059306 -16.348141026480018
2023:035:09:03:13.842 2023:035:09:07:39.234 144.40373502639176 189.02067573411773 -4.5640885624535725 317.418937844165 -16.34722905772871
2023:035:09:07:39.234 2023:035:09:12:04.625 156.1066773086771 183.32314205234474 -1.7125867365671417 317.42204084986844 -16.34631704470808
2023:035:09:12:04.625 2023:035:09:25:30.816 159.4077774453597 180.8281988457228 -0.004949030685974409 317.4283053187712 -16.344475673235067
2023:035:09:25:30.816 2023:035:12:12:10.816 159.42713676461238 180.64966928904713 0.1667765844502468 317.49147101490297 -16.325896558830237
2023:035:12:12:10.816 2023:035:12:32:46.195 159.44708465635014 180.4637499698076 0.3456455961619003 317.55713137553107 -16.30656005488314
2023:035:12:32:46.195 2023:035:12:36:59.411 159.97183664835438 180.27246536268157 0.2314888623890708 317.5658297547049 -16.303996639055562
2023:035:12:36:59.411 2023:035:12:41:12.627 166.1088652578609 178.24119169186278 -1.278128378807196 317.5687889560996 -16.303124464936896
2023:035:12:41:12.627 2023:035:12:45:25.843 175.18062467084752 174.09499257418076 -2.277277479046404 317.57174812835024 -16.302252250530035
2023:035:12:45:25.843 2023:035:13:42:02.451 177.90811432425528 169.62878236815476 0.6463884652463321 317.5930738368114 -16.295965064361166
2023:035:13:42:02.451 2023:035:13:46:42.066 177.90982271156187 168.212376954143 1.2848408852183866 317.6145522629931 -16.28963028920973
2023:035:13:46:42.066 2023:035:13:51:21.681 177.89986998792168 158.8456724978363 1.9265815748879618 317.6178194436952 -16.288666452323064
2023:035:13:51:21.681 2023:035:13:56:01.296 177.86763752059878 139.62410714299486 2.9670544954254296 317.6210865893413 -16.287702566227967
2023:035:13:56:01.296 2023:035:14:00:40.911 177.81667830595515 117.92493174661831 3.694727363904974 317.62435369899066 -16.286738631205978
2023:035:14:00:40.911 2023:035:14:05:20.526 177.75855938659947 96.79967396450587 3.848082601522151 317.62762077359133 -16.285774646981388
2023:035:14:05:20.526 2023:035:14:10:00.141 177.7018559034532 76.23905656417955 3.4363618615291216 317.63088781267084 -16.28481061369761
2023:035:14:10:00.141 2023:035:14:14:39.756 177.65448183085093 56.159073656367084 2.5435985210407352 317.63415481575606 -16.283846531498273
2023:035:14:14:39.756 2023:035:14:19:19.371 177.6230981502453 36.73970223980004 1.3217105502471043 317.6374217837956 -16.282882400107457
