kadi/commands/tests/data/regression/pitch-rasl-etc.ecsv
# %ECSV 1.0
# ---
# datatype:
# - {name: datestart, datatype: string}
# - {name: datestop, datatype: string}
# - {name: pitch, datatype: float64}
# - {name: rasl, datatype: float64}
# - {name: off_nom_roll, datatype: float64}
# - {name: sun_ra, datatype: float64}
# - {name: sun_dec, datatype: float64}
# meta: !!omap
# - continuity_transitions: []
# - {start: '2023:030:00:00:00.000'}
# - {stop: '2023:060:00:00:00.000'}
# - state_keys: !!python/tuple [pitch, rasl, off_nom_roll, sun_ra, sun_dec]
# schema: astropy-2.0
datestart datestop pitch rasl off_nom_roll sun_ra sun_dec
[from data line 809]
2023:053:00:26:35.344 2023:053:00:31:20.436 150.96502025347175 173.38596167795066 2.5856200331884907 334.7461177854085 -10.478315087156254
2023:053:00:31:20.436 2023:053:00:36:05.529 151.2115817838226 191.9008615516512 2.9124853943192246 334.7492732636272 -10.477118750001567
2023:053:00:36:05.529 2023:053:00:40:50.621 151.53649679439545 213.14718570037576 3.0635215038760464 334.7524287129094 -10.475922383435849
2023:053:00:40:50.621 2023:053:00:45:35.714 151.86596938273217 234.62280218282652 2.9536646979934744 334.7555841323596 -10.47472598780376
2023:053:00:45:35.714 2023:053:00:50:20.806 152.1532424664712 256.3231969564105 2.5895582062426854 334.7587395228765 -10.473529562769532
2023:053:00:50:20.806 2023:053:00:55:05.899 152.3561534094479 278.2086908586423 2.0171173313834174 334.7618948840132 -10.472333108507668
2023:053:00:55:05.899 2023:053:00:59:50.991 152.4439837644123 300.2072181507605 1.3178778008473842 334.76505021532813 -10.471136625190681
2023:053:00:59:50.991 2023:053:01:04:36.084 152.40411384908919 321.976003151074 0.6045557284593315 334.76820551770425 -10.469940112488793
2023:053:01:04:36.084 2023:053:01:09:21.176 152.3087979079741 336.53336996148465 0.1652026130107913 334.77136079026695 -10.468743570738685
2023:053:01:09:21.176 2023:053:02:25:30.816 152.270996010619 340.7678954301063 -0.008927062163621713 334.79822457215687 -10.458554659646333
2023:053:02:25:30.816 2023:053:05:12:10.816 152.26811581336503 340.9148285411226 -0.19143284251214254 334.8788332682095 -10.42796381441547
2023:053:05:12:10.816 2023:053:07:58:50.816 152.2637724204736 341.11652984002825 -0.4418898345462594 334.9894550712023 -10.385940340320278
2023:053:07:58:50.816 2023:053:10:45:30.816 152.25897838510133 341.31822847039547 -0.6922567897927081 335.1000408790361 -10.343881302790551
2023:053:10:45:30.816 2023:053:13:32:10.816 152.2537340232499 341.5199168823861 -0.9425261926370183 335.21059076729915 -10.301786891424236
2023:053:13:32:10.816 2023:053:16:18:50.816 152.2480396733176 341.7215875455558 -1.1926905473655438 335.32110481230956 -10.259657295677112
2023:053:16:18:50.816 2023:053:19:05:30.816 152.2418956959866 341.9232329510612 -1.4427423805508397 335.43158309152574 -10.217492704698165
2023:053:19:05:30.816 2023:053:21:52:10.816 152.2353024741173 342.12484561319974 -1.6926742426113321 335.54202568359733 -10.17529330730163
2023:053:21:52:10.816 2023:054:00:38:50.816 152.22826041264193 342.3264180707764 -1.9424787091584221 335.65243266832687 -10.133059291972987
2023:054:00:38:50.816 2023:054:00:43:30.157 152.2244665357677 342.4300016055428 -2.0708179967553235 335.709164393774 -10.111338992290808
2023:054:00:43:30.157 2023:054:00:46:10.157 152.2243017460856 342.43442848995977 -2.0763024338488947 335.7115889096417 -10.11041046023572
2023:054:00:46:10.157 2023:054:01:08:06.782 152.22374630310523 342.4493070636148 -2.0947351334608584 335.71973758096533 -10.10728954300142
2023:054:01:08:06.782 2023:054:01:13:07.147 152.21330691841328 343.40717181460315 -2.1377464094931895 335.72866062700615 -10.10387174299151
2023:054:01:13:07.147 2023:054:01:18:07.512 152.0932802461172 353.7631271740319 -2.371585336054835 335.7319755802783 -10.102601934576201
2023:054:01:18:07.512 2023:054:01:23:07.877 151.80223965608846 14.524553908174424 -2.6758823111477454 335.7352905015624 -10.101332095216803
2023:054:01:23:07.877 2023:054:01:28:08.243 151.44660040213714 37.098268145441175 -2.732255250896287 335.73860539617095 -10.100062222884148
2023:054:01:28:08.243 2023:054:01:33:08.608 151.10719799330514 59.41741993690605 -2.498550291582035 335.74192025878534 -10.098792319621513
2023:054:01:33:08.608 2023:054:01:38:08.973 150.83547897467952 81.52048598117675 -2.0170421254605344 335.74523508364047 -10.09752238764353
2023:054:01:38:08.973 2023:054:01:43:09.338 150.67178216269465 103.47350279565131 -1.362557866098939 335.74854987694846 -10.096252424576353
2023:054:01:43:09.338 2023:054:01:48:09.703 150.6401424352161 125.2892503609639 -0.6329222892848065 335.75186463782177 -10.09498243076593
2023:054:01:48:09.703 2023:054:01:53:10.068 150.69977605356942 140.63578515835118 -0.12752656646063087 335.75517936715767 -10.093712405874458
2023:054:01:53:10.068 2023:054:03:25:30.816 150.72167156889464 145.0381579012945 0.07737741987500613 335.78740799884184 -10.081361889289822
2023:054:03:25:30.816 2023:054:04:12:15.198 150.7101229605965 144.94584525993363 0.17398380970251992 335.833447427588 -10.063711790255102
2023:054:04:12:15.198 2023:054:04:17:37.219 149.62500302603246 145.1135275512806 0.14935080413778223 335.85069396111425 -10.057097861642076
2023:054:04:17:37.219 2023:054:04:22:59.240 138.9324906113431 146.76662028678334 -0.05994033599336035 335.85424665591177 -10.055735282592774
2023:054:04:22:59.240 2023:054:05:37:45.381 133.62917330095416 147.42133637235165 0.0441579240149963 335.88076850796784 -10.04556169098167
2023:054:05:37:45.381 2023:054:05:42:09.630 133.6089133941919 148.06577715058665 0.07516673941250929 335.90696968233976 -10.035508407099156
2023:054:05:42:09.630 2023:054:05:46:33.878 133.43421724500686 155.83718897353296 0.022135335350981222 335.9098845285653 -10.03438982658037
2023:054:05:46:33.878 2023:054:05:50:58.127 133.1716177460701 167.2534194045458 0.0022796658068386932 335.91279935011886 -10.03327122232574
2023:054:05:50:58.127 2023:054:06:13:10.251 133.09407001401453 170.68602540613892 0.021613511160524013 335.92160368262296 -10.029892232841663
2023:054:06:13:10.251 2023:054:06:17:10.457 133.45363418914505 170.29938727154845 0.020696318677266845 335.93027519293804 -10.026563922800598
2023:054:06:17:10.457 2023:054:06:39:21.560 134.9372752211717 168.7047037472264 0.013301943737587862 335.938940854541 -10.023237564247815
2023:054:06:39:21.560 2023:054:06:44:34.620 134.01385928880455 168.17378870250593 0.17709988137107757 335.9480080671634 -10.019756754400662
2023:054:06:44:34.620 2023:054:06:49:47.680 123.9193081033787 163.10720843117272 1.049160853539945 335.9514609246558 -10.018431153482936
2023:054:06:49:47.680 2023:054:06:55:00.740 109.05584264205062 156.69499995378985 0.5005073825800537 335.95491374710906 -10.017105519489302
2023:054:06:55:00.740 2023:054:08:58:50.816 104.48628926019272 154.77795553834594 0.040289881277203676 335.99761145023064 -10.000708847831737
2023:054:08:58:50.816 2023:054:11:45:30.816 104.47933010646052 154.7351195285895 0.14496700484096436 336.0937061718216 -9.963780808467964
2023:054:11:45:30.816 2023:054:14:32:10.816 104.47128832971674 154.68606747493877 0.26506316192239865 336.2039363582912 -9.921376518274215
2023:054:14:32:10.816 2023:054:15:22:07.270 104.46603022694995 154.65424956311577 0.3430958738597951 336.27554761295346 -9.893803281648017
2023:054:15:22:07.270 2023:054:15:26:53.778 105.27906047104604 154.72961235682536 0.3995096779398182 336.2936345918515 -9.886835927964796
2023:054:15:26:53.778 2023:054:15:31:40.285 114.40073711509298 155.65447014002547 0.7396136649728646 336.296791433639 -9.885619739586385
2023:054:15:31:40.285 2023:054:15:36:26.793 132.93518546569013 157.6659182218428 0.9452749810006367 336.2999482471134 -9.884403523671885
2023:054:15:36:26.793 2023:054:15:41:13.301 147.1550110208104 159.74081105792175 0.36341232467623286 336.30310503715714 -9.883187278345353
2023:054:15:41:13.301 2023:054:17:18:50.816 151.25525631857843 160.49383353457017 0.02220395316720669 336.33695113474687 -9.870144668928068
2023:054:17:18:50.816 2023:054:20:05:30.816 151.25811920591136 160.31048534185263 0.2142719399340649 336.4242915084453 -9.836467639832556
2023:054:20:05:30.816 2023:054:22:52:10.816 151.26134266065776 160.07928215179746 0.4565482906434113 336.53441664887225 -9.793963423174763
2023:054:22:52:10.816 2023:055:01:38:50.816 151.26413399496465 159.84813139123528 0.6988564658665837 336.6445069530486 -9.751426268460998
2023:055:01:38:50.816 2023:055:04:25:30.816 151.26649315622075 159.61703982771053 0.9411897555203268 336.7545625124178 -9.708856360416387
2023:055:04:25:30.816 2023:055:07:12:10.816 151.26842011182222 159.3860142316775 1.1835414463799907 336.8645834195285 -9.666253883373905
2023:055:07:12:10.816 2023:055:09:58:50.816 151.26991484917227 159.15506137527558 1.425904823310077 336.9745697680331 -9.62361902126905
2023:055:09:58:50.816 2023:055:12:45:30.816 151.2709773756761 158.92418803110994 1.6682731704888738 337.08452165268324 -9.5809519576356
2023:055:12:45:30.816 2023:055:15:32:10.816 151.27160771873295 158.69340097015044 1.910639773559808 337.194439169745 -9.538252875438381
2023:055:15:32:10.816 2023:055:15:39:10.251 151.27176489715606 158.5732038713901 2.0369029990161494 337.2516895062921 -9.51599523551517
2023:055:15:39:10.251 2023:055:15:44:24.256 150.25796927069726 158.87930954591067 1.8263775130871522 337.25571909518123 -9.514428161273855
2023:055:15:44:24.256 2023:055:15:49:38.261 139.22586809240732 161.46873087364324 0.30363001245359555 337.2591694052716 -9.513086315693307
2023:055:15:49:38.261 2023:055:15:54:52.267 117.45529734501105 164.64611038784858 -0.5095679949221221 337.2626196869297 -9.511744436766932
2023:055:15:54:52.267 2023:055:16:00:06.272 100.28162963633017 166.6447963737359 -0.22463050113998406 337.2660699348563 -9.51040252656241
2023:055:16:00:06.272 2023:055:18:18:50.816 95.26960974239374 167.2141522089036 0.01821590845133869 337.31352608952085 -9.491940829768977
2023:055:18:18:50.816 2023:055:18:45:33.274 95.27839670012568 167.1998951666278 0.07560468545148069 337.36805253328185 -9.470718254421152
2023:055:18:45:33.274 2023:055:18:50:44.254 96.18018663606908 167.50138817009366 0.37902723704598884 337.3785615843593 -9.46662669116591
2023:055:18:50:44.254 2023:055:18:55:55.233 106.07255031841848 170.57319831987442 3.311373393060535 337.38197746246476 -9.465296674825638
2023:055:18:55:55.233 2023:055:19:01:06.213 126.0224030024955 175.72472452692574 8.052287467051258 337.38539330713843 -9.463966628173994
2023:055:19:01:06.213 2023:055:19:06:17.192 147.83031789319253 180.62911673633172 11.997529977070828 337.38880911928504 -9.462636550865385
2023:055:19:06:17.192 2023:055:19:11:28.172 163.80986393040612 184.6608956864363 13.77825971298109 337.39222489800596 -9.461306443256351
2023:055:19:11:28.172 2023:055:20:41:53.662 168.49703575839393 186.2478792962473 13.832863009143523 337.4237278535358 -9.449037120236378
2023:055:20:41:53.662 2023:055:20:46:59.308 167.72363096092235 188.6692438444173 11.613356349032408 337.45519871715715 -9.436776621790802
2023:055:20:46:59.308 2023:055:20:52:04.955 158.2903041593356 204.2956252223041 -1.7521123313886946 337.4585552896357 -9.435468743269123
2023:055:20:52:04.955 2023:055:20:57:10.601 138.22827711220157 215.29690871483695 -7.959077572641618 337.4619118303197 -9.434160835415595
2023:055:20:57:10.601 2023:055:21:02:16.248 116.13886154884659 221.6334571859772 -8.262938740442522 337.46526833921195 -9.432852898235394
2023:055:21:02:16.248 2023:055:21:07:21.894 94.17958308544542 227.21112339496614 -6.155575881334059 337.4686248163151 -9.431544931733791
2023:055:21:07:21.894 2023:055:21:12:27.541 78.65762156645783 231.75544473639965 -3.313984282393548 337.4719812616272 -9.430236935917852
2023:055:21:12:27.541 2023:055:22:01:10.364 74.20405537601931 233.27583803163347 -2.2120367589351844 337.48970739435504 -9.42332842819162
2023:055:22:01:10.364 2023:055:22:05:55.359 74.69587566481434 233.94540105800513 -1.9123196436777192 337.5073192578753 -9.416463304229307
2023:055:22:05:55.359 2023:055:22:10:40.354 80.22038311189154 241.21932872782267 0.9627753838995403 337.5104485789452 -9.415243371417306
2023:055:22:10:40.354 2023:055:22:15:25.348 92.50133284848955 255.24807500822487 4.55174355309552 337.51357786711174 -9.414023415238601
2023:055:22:15:25.348 2023:055:22:20:10.343 107.03358952088016 270.8993738980764 4.924106698991537 337.5167071276811 -9.412803433629755
2023:055:22:20:10.343 2023:055:22:24:55.338 120.92353288458722 288.0941049626053 0.8690706734302722 337.5198363659489 -9.41158342453124
2023:055:22:24:55.338 2023:055:22:29:40.333 129.24604003156878 301.92126845660897 -5.1094831306942154 337.52296557661884 -9.410363390012947
2023:055:22:29:40.333 2023:055:23:52:10.816 131.4062883316832 306.4336211313346 -7.474002234707768 337.5517067447603 -9.399155927837418
2023:055:23:52:10.816 2023:056:02:38:50.816 131.45237924900155 306.48542782019666 -7.572515050934456 337.6337675089978 -9.367140012318066
2023:056:02:38:50.816 2023:056:05:25:30.816 131.51390238173417 306.5550407770941 -7.7045122391582055 337.74351465923047 -9.324283571555474
2023:056:05:25:30.816 2023:056:07:04:52.831 131.56289284685423 306.61085249347883 -7.810033367381408 337.83107970538435 -9.29005761344805
2023:056:07:04:52.831 2023:056:07:08:49.796 131.6105533411725 306.70795577496625 -7.396970137581704 337.8650805238198 -9.276760389669645
2023:056:07:08:49.796 2023:056:07:12:46.760 131.95317081258983 307.51305953954807 -2.4367516409121066 337.86767984663675 -9.275743658869715
2023:056:07:12:46.760 2023:056:07:34:56.242 132.14224526520263 307.89615034033204 -0.025136493352107436 337.8762710802797 -9.272383003732804
2023:056:07:34:56.242 2023:056:07:39:36.283 131.5378392091038 307.35439844827863 0.07722032558017133 337.8850983567044 -9.268929734803418
2023:056:07:39:36.283 2023:056:07:44:16.324 124.62281573321731 301.57149055279984 0.7990466118284729 337.8881700222967 -9.267728019245556
2023:056:07:44:16.324 2023:056:07:48:56.365 114.41378411775169 293.9035916522249 0.3865410235809179 337.8912416615109 -9.26652627961965
2023:056:07:48:56.365 2023:056:08:12:10.816 111.32975690239185 291.6720527295556 -0.02961967574097457 337.90042486505 -9.262933263433919
2023:056:08:12:10.816 2023:056:10:58:50.816 111.37803365131708 291.6797989844722 -0.07847803956626365 337.9629077486133 -9.238478086700708
2023:056:10:58:50.816 2023:056:12:05:49.242 111.43740606049967 291.68943546330775 -0.1386296139235128 338.03976457930696 -9.208377632862566
2023:056:12:05:49.242 2023:056:12:10:39.760 111.36111091914181 292.5431871052109 -0.17687435334897827 338.06338530603216 -9.199122432902728
2023:056:12:10:39.760 2023:056:12:15:30.278 110.29673879867731 301.98514952469964 -0.29683608347150425 338.0665703045332 -9.197874315089091
2023:056:12:15:30.278 2023:056:12:20:20.796 108.72935873475593 315.76704401477895 -0.13292944072878754 338.0697552747886 -9.196626171619764
2023:056:12:20:20.796 2023:056:13:45:30.816 108.27151641169031 319.9641646700882 -0.03487853933728502 338.09935717228115 -9.185023862962511
2023:056:13:45:30.816 2023:056:16:21:58.359 108.2981082123931 319.9779706834103 -0.1192388305284311 338.1788104220031 -9.15386692285504
2023:056:16:21:58.359 2023:056:16:26:44.189 109.09640119027952 319.83171082874367 -0.3106880687695366 338.2318151610552 -9.133068890319953
2023:056:16:26:44.189 2023:056:16:31:30.019 117.86698929981969 318.1634818670168 -1.7248007654868047 338.2349472979592 -9.131839584012308
2023:056:16:31:30.019 2023:056:16:36:15.850 136.08443663128656 314.9684049733341 -4.102748076614901 338.23807941338697 -9.130610250845232
2023:056:16:36:15.850 2023:056:16:41:01.680 156.62866792746306 311.068554891419 -5.668359697063266 338.24121150160335 -9.129380893074789
2023:056:16:41:01.680 2023:056:16:45:47.510 170.43752816270552 305.8310149649912 -3.8578197399429968 338.24434355688953 -9.128151512950874
2023:056:16:45:47.510 2023:056:17:42:40.425 174.40732162615726 301.28803233942995 -0.2898951315781204 338.2646078721207 -9.120196603694305
2023:056:17:42:40.425 2023:056:17:47:38.379 174.4205602533914 300.56136269980334 -0.4707773442129053 338.2849374671154 -9.112214585785992
2023:056:17:47:38.379 2023:056:17:52:36.334 174.42629888913098 290.64070647798036 -0.5306804069027038 338.28820198387064 -9.110932698826872
2023:056:17:52:36.334 2023:056:17:57:34.288 174.43817838758687 270.46250083380573 -0.5864561289596253 338.29146647066716 -9.109650785375706
2023:056:17:57:34.288 2023:056:18:02:32.242 174.45245498049863 248.1094106129139 -0.5804768811996013 338.2947309226548 -9.108368847342955
