kadi/commands/tests/data/regression/q1-set-2023030-2023060.ecsv
# %ECSV 1.0
# ---
# datatype:
# - {name: datestart, datatype: string}
# - {name: datestop, datatype: string}
# - {name: q1, datatype: float64}
# - {name: q2, datatype: float64}
# - {name: q3, datatype: float64}
# - {name: q4, datatype: float64}
# - {name: targ_q1, datatype: float64}
# - {name: targ_q2, datatype: float64}
# - {name: targ_q3, datatype: float64}
# - {name: targ_q4, datatype: float64}
# - {name: auto_npnt, datatype: string}
# - {name: pcad_mode, datatype: string}
# - {name: sun_vector_update, datatype: int64}
# meta: !!omap
# - continuity_transitions: []
# - {start: '2023:030:00:00:00.000'}
# - {stop: '2023:060:00:00:00.000'}
# - state_keys: !!python/tuple [q1, q2, q3, q4, targ_q1, targ_q2, targ_q3, targ_q4, auto_npnt, pcad_mode, sun_vector_update]
# schema: astropy-2.0
datestart datestop q1 q2 q3 q4 targ_q1 targ_q2 targ_q3 targ_q4 auto_npnt pcad_mode sun_vector_update
[from data line 1517]
2023:058:12:53:26.461 2023:058:12:53:32.355 -0.307085047 -0.613811353 0.131014842 0.715380673 0.00249347459 -0.668521232 -0.293528665 0.683311107 ENAB NMAN 0
2023:058:12:53:32.355 2023:058:12:58:01.150 -0.30388910838517746 -0.6154834202370463 0.1261512369635459 0.7161825423169972 0.00249347459 -0.668521232 -0.293528665 0.683311107 ENAB NMAN 0
2023:058:12:58:01.150 2023:058:13:02:29.944 -0.2664737998988988 -0.6329954814012022 0.07010819276482241 0.7234592421755721 0.00249347459 -0.668521232 -0.293528665 0.683311107 ENAB NMAN 0
2023:058:13:02:29.944 2023:058:13:06:58.739 -0.18349126934443974 -0.6596791776512272 -0.048909744726854186 0.7271603487590762 0.00249347459 -0.668521232 -0.293528665 0.683311107 ENAB NMAN 0
2023:058:13:06:58.739 2023:058:13:11:27.534 -0.08249104481350378 -0.6726080592779373 -0.185280795259186 0.7116632998244097 0.00249347459 -0.668521232 -0.293528665 0.683311107 ENAB NMAN 0
2023:058:13:11:27.534 2023:058:13:15:56.328 -0.016447505615765357 -0.6705780452607036 -0.2699004748997707 0.6908026474407377 0.00249347459 -0.668521232 -0.293528665 0.683311107 ENAB NMAN 0
2023:058:13:15:56.328 2023:058:13:18:10.726 0.00249347459 -0.668521232 -0.293528665 0.683311107 0.00249347459 -0.668521232 -0.293528665 0.683311107 ENAB NMAN 0
2023:058:13:18:10.726 2023:058:15:45:30.816 0.00249347459 -0.668521232 -0.293528665 0.683311107 0.00249347459 -0.668521232 -0.293528665 0.683311107 ENAB NPNT 0
2023:058:15:45:30.816 2023:058:18:22:30.475 0.00249347459 -0.668521232 -0.293528665 0.683311107 0.00249347459 -0.668521232 -0.293528665 0.683311107 ENAB NPNT 0
2023:058:18:22:30.475 2023:058:18:22:30.732 0.00249347459 -0.668521232 -0.293528665 0.683311107 0.00249347459 -0.668521232 -0.293528665 0.683311107 ENAB NMAN 0
2023:058:18:22:30.732 2023:058:18:22:34.832 0.00249347459 -0.668521232 -0.293528665 0.683311107 0.00249347459 -0.668521232 -0.293528665 0.683311107 ENAB NMAN 0
2023:058:18:22:34.832 2023:058:18:22:40.726 0.00249347459 -0.668521232 -0.293528665 0.683311107 -0.151007237 -0.901860148 -0.402008608 0.0472669686 ENAB NMAN 0
2023:058:18:22:40.726 2023:058:18:27:11.140 0.0010532124395200512 -0.6722630583912232 -0.2952283749431503 0.6788972520720931 -0.151007237 -0.901860148 -0.402008608 0.0472669686 ENAB NMAN 0
2023:058:18:27:11.140 2023:058:18:31:41.554 -0.01540836695977645 -0.7131856360448465 -0.31384502182336665 0.6266020541142581 -0.151007237 -0.901860148 -0.402008608 0.0472669686 ENAB NMAN 0
2023:058:18:31:41.554 2023:058:18:36:11.968 -0.04972672676146069 -0.7874226979177954 -0.3477911861003118 0.5064918947988862 -0.151007237 -0.901860148 -0.402008608 0.0472669686 ENAB NMAN 0
2023:058:18:36:11.968 2023:058:18:40:42.382 -0.08889901677084956 -0.8525837950079496 -0.3779405535893826 0.34979819387204725 -0.151007237 -0.901860148 -0.402008608 0.0472669686 ENAB NMAN 0
2023:058:18:40:42.382 2023:058:18:45:12.796 -0.12441228805560275 -0.8904701929922444 -0.3959675367182892 0.18653184450637766 -0.151007237 -0.901860148 -0.402008608 0.0472669686 ENAB NMAN 0
2023:058:18:45:12.796 2023:058:18:49:43.210 -0.14533928197697032 -0.9009053090010244 -0.4013679194167863 0.07842137315683795 -0.151007237 -0.901860148 -0.402008608 0.0472669686 ENAB NMAN 0
2023:058:18:49:43.210 2023:058:18:51:58.417 -0.151007237 -0.901860148 -0.402008608 0.0472669686 -0.151007237 -0.901860148 -0.402008608 0.0472669686 ENAB NMAN 0
2023:058:18:51:58.417 2023:058:21:18:50.816 -0.151007237 -0.901860148 -0.402008608 0.0472669686 -0.151007237 -0.901860148 -0.402008608 0.0472669686 ENAB NPNT 0
2023:058:21:18:50.816 2023:058:21:59:38.166 -0.151007237 -0.901860148 -0.402008608 0.0472669686 -0.151007237 -0.901860148 -0.402008608 0.0472669686 ENAB NPNT 0
2023:058:21:59:38.166 2023:058:21:59:38.423 -0.151007237 -0.901860148 -0.402008608 0.0472669686 -0.151007237 -0.901860148 -0.402008608 0.0472669686 ENAB NMAN 0
2023:058:21:59:38.423 2023:058:21:59:42.523 -0.151007237 -0.901860148 -0.402008608 0.0472669686 -0.151007237 -0.901860148 -0.402008608 0.0472669686 ENAB NMAN 0
2023:058:21:59:42.523 2023:058:21:59:48.417 -0.151007237 -0.901860148 -0.402008608 0.0472669686 0.00249228668 -0.668521699 -0.293527656 0.683311087 ENAB NMAN 0
2023:058:21:59:48.417 2023:058:22:04:18.831 -0.1499099249410861 -0.901744552458078 -0.4019149797226307 0.05336782733616714 0.00249228668 -0.668521699 -0.293527656 0.683311087 ENAB NMAN 0
2023:058:22:04:18.831 2023:058:22:08:49.245 -0.13696057967026898 -0.897958947803172 -0.39974653061732107 0.12293997860625627 0.00249228668 -0.668521699 -0.293527656 0.683311087 ENAB NMAN 0
2023:058:22:08:49.245 2023:058:22:13:19.659 -0.10751756945326997 -0.8752709999992768 -0.38863170075499215 0.2670319257899633 0.00249228668 -0.668521699 -0.293527656 0.683311087 ENAB NMAN 0
2023:058:22:13:19.659 2023:058:22:17:50.072 -0.06958585765599681 -0.82322471081111 -0.3642906993448624 0.4298269066714667 0.00249228668 -0.668521699 -0.293527656 0.683311087 ENAB NMAN 0
2023:058:22:17:50.072 2023:058:22:22:20.486 -0.030516830503641755 -0.7477370518062609 -0.3296094690438322 0.5756002273561255 0.00249228668 -0.668521699 -0.293527656 0.683311087 ENAB NMAN 0
2023:058:22:22:20.486 2023:058:22:26:50.900 -0.004867963763754332 -0.6873712864640338 -0.3020941483448685 0.6604817502498079 0.00249228668 -0.668521699 -0.293527656 0.683311087 ENAB NMAN 0
2023:058:22:26:50.900 2023:058:22:29:06.107 0.00249228668 -0.668521699 -0.293527656 0.683311087 0.00249228668 -0.668521699 -0.293527656 0.683311087 ENAB NMAN 0
2023:058:22:29:06.107 2023:059:00:05:30.816 0.00249228668 -0.668521699 -0.293527656 0.683311087 0.00249228668 -0.668521699 -0.293527656 0.683311087 ENAB NPNT 0
2023:059:00:05:30.816 2023:059:02:52:10.816 0.00249228668 -0.668521699 -0.293527656 0.683311087 0.00249228668 -0.668521699 -0.293527656 0.683311087 ENAB NPNT 0
2023:059:02:52:10.816 2023:059:05:38:50.816 0.00249228668 -0.668521699 -0.293527656 0.683311087 0.00249228668 -0.668521699 -0.293527656 0.683311087 ENAB NPNT 0
2023:059:05:38:50.816 2023:059:07:49:25.172 0.00249228668 -0.668521699 -0.293527656 0.683311087 0.00249228668 -0.668521699 -0.293527656 0.683311087 ENAB NPNT 0
2023:059:07:49:25.172 2023:059:07:49:25.429 0.00249228668 -0.668521699 -0.293527656 0.683311087 0.00249228668 -0.668521699 -0.293527656 0.683311087 ENAB NMAN 0
2023:059:07:49:25.429 2023:059:07:49:29.529 0.00249228668 -0.668521699 -0.293527656 0.683311087 0.00249228668 -0.668521699 -0.293527656 0.683311087 ENAB NMAN 0
2023:059:07:49:29.529 2023:059:07:49:35.423 0.00249228668 -0.668521699 -0.293527656 0.683311087 -0.171004965 -0.935213628 -0.306685791 0.0455697014 ENAB NMAN 0
2023:059:07:49:35.423 2023:059:07:54:08.284 0.0008462299352213895 -0.6726649220725223 -0.2943571231895956 0.678877802344669 -0.171004965 -0.935213628 -0.306685791 0.0455697014 ENAB NMAN 0
2023:059:07:54:08.284 2023:059:07:58:41.144 -0.017902422514663 -0.7179396328727221 -0.3029674501376977 0.6264606220317978 -0.171004965 -0.935213628 -0.306685791 0.0455697014 ENAB NMAN 0
2023:059:07:58:41.144 2023:059:08:03:14.005 -0.056867596312184736 -0.800578780059979 -0.31585815189779143 0.5060368773792872 -0.171004965 -0.935213628 -0.306685791 0.0455697014 ENAB NMAN 0
2023:059:08:03:14.005 2023:059:08:07:46.865 -0.10095175179189379 -0.8740710771875736 -0.32170386976064447 0.3497357802628242 -0.171004965 -0.935213628 -0.306685791 0.0455697014 ENAB NMAN 0
2023:059:08:07:46.865 2023:059:08:12:19.726 -0.14094581479204799 -0.9190467512590758 -0.317528445999694 0.18618010703209287 -0.171004965 -0.935213628 -0.306685791 0.0455697014 ENAB NMAN 0
2023:059:08:12:19.726 2023:059:08:16:52.587 -0.16460300911211584 -0.9333126021216765 -0.3096687413937686 0.0770630047196364 -0.171004965 -0.935213628 -0.306685791 0.0455697014 ENAB NMAN 0
2023:059:08:16:52.587 2023:059:08:19:09.017 -0.171004965 -0.935213628 -0.306685791 0.0455697014 -0.171004965 -0.935213628 -0.306685791 0.0455697014 ENAB NMAN 0
2023:059:08:19:09.017 2023:059:08:25:30.816 -0.171004965 -0.935213628 -0.306685791 0.0455697014 -0.171004965 -0.935213628 -0.306685791 0.0455697014 ENAB NPNT 0
2023:059:08:25:30.816 2023:059:09:13:28.766 -0.171004965 -0.935213628 -0.306685791 0.0455697014 -0.171004965 -0.935213628 -0.306685791 0.0455697014 ENAB NPNT 0
2023:059:09:13:28.766 2023:059:09:13:29.023 -0.171004965 -0.935213628 -0.306685791 0.0455697014 -0.171004965 -0.935213628 -0.306685791 0.0455697014 ENAB NMAN 0
2023:059:09:13:29.023 2023:059:09:13:33.123 -0.171004965 -0.935213628 -0.306685791 0.0455697014 -0.171004965 -0.935213628 -0.306685791 0.0455697014 ENAB NMAN 0
2023:059:09:13:33.123 2023:059:09:13:39.017 -0.171004965 -0.935213628 -0.306685791 0.0455697014 -0.0532222016 -0.504985215 0.838904556 0.195950188 ENAB NMAN 0
2023:059:09:13:39.017 2023:059:09:18:23.298 -0.17109732967471303 -0.9372634983675873 -0.30010428520480625 0.046906892310201634 -0.0532222016 -0.504985215 0.838904556 0.195950188 ENAB NMAN 0
2023:059:09:18:23.298 2023:059:09:23:07.578 -0.17155442561875106 -0.9570855769530089 -0.22526320419705476 0.061747602484442304 -0.0532222016 -0.504985215 0.838904556 0.195950188 ENAB NMAN 0
2023:059:09:23:07.578 2023:059:09:27:51.859 -0.16911549111210306 -0.9791250262937826 -0.06636452260542211 0.0911585642110524 -0.0532222016 -0.504985215 0.838904556 0.195950188 ENAB NMAN 0
2023:059:09:27:51.859 2023:059:09:32:36.140 -0.1608613347555365 -0.9724833965743216 0.11659951611828383 0.12167262365657311 -0.0532222016 -0.504985215 0.838904556 0.195950188 ENAB NMAN 0
2023:059:09:32:36.140 2023:059:09:37:20.420 -0.14705437548078812 -0.9322724280787795 0.2955386340346118 0.1479866427336 -0.0532222016 -0.504985215 0.838904556 0.195950188 ENAB NMAN 0
2023:059:09:37:20.420 2023:059:09:42:04.701 -0.12817121833324416 -0.8598801708537648 0.4642759978004051 0.16919228282774781 -0.0532222016 -0.504985215 0.838904556 0.195950188 ENAB NMAN 0
2023:059:09:42:04.701 2023:059:09:46:48.981 -0.10486369459524918 -0.7578055469540009 0.6169869303585637 0.1845575424274311 -0.0532222016 -0.504985215 0.838904556 0.195950188 ENAB NMAN 0
2023:059:09:46:48.981 2023:059:09:51:33.262 -0.07827584391878124 -0.6312417252232116 0.7469744745197234 0.19348361985078583 -0.0532222016 -0.504985215 0.838904556 0.195950188 ENAB NMAN 0
2023:059:09:51:33.262 2023:059:09:56:17.543 -0.05896587435589249 -0.5344470397463263 0.8200868122522768 0.19582392059267667 -0.0532222016 -0.504985215 0.838904556 0.195950188 ENAB NMAN 0
2023:059:09:56:17.543 2023:059:09:58:39.683 -0.0532222016 -0.504985215 0.838904556 0.195950188 -0.0532222016 -0.504985215 0.838904556 0.195950188 ENAB NMAN 0
2023:059:09:58:39.683 2023:059:11:12:10.816 -0.0532222016 -0.504985215 0.838904556 0.195950188 -0.0532222016 -0.504985215 0.838904556 0.195950188 ENAB NPNT 0
2023:059:11:12:10.816 2023:059:11:45:55.962 -0.0532222016 -0.504985215 0.838904556 0.195950188 -0.0532222016 -0.504985215 0.838904556 0.195950188 ENAB NPNT 0
2023:059:11:45:55.962 2023:059:11:45:56.219 -0.0532222016 -0.504985215 0.838904556 0.195950188 -0.0532222016 -0.504985215 0.838904556 0.195950188 ENAB NMAN 0
2023:059:11:45:56.219 2023:059:11:46:00.319 -0.0532222016 -0.504985215 0.838904556 0.195950188 -0.0532222016 -0.504985215 0.838904556 0.195950188 ENAB NMAN 0
2023:059:11:46:00.319 2023:059:11:46:06.213 -0.0532222016 -0.504985215 0.838904556 0.195950188 -0.607878165 -0.218143653 0.612669244 0.455558867 ENAB NMAN 0
2023:059:11:46:06.213 2023:059:11:50:39.142 -0.05863301961768499 -0.5034658485966339 0.838764379304716 0.1988935008578656 -0.607878165 -0.218143653 0.612669244 0.455558867 ENAB NMAN 0
2023:059:11:50:39.142 2023:059:11:55:12.071 -0.12008199848652282 -0.48473242431003927 0.8347830403570867 0.23184491877268548 -0.607878165 -0.218143653 0.612669244 0.455558867 ENAB NMAN 0
2023:059:11:55:12.071 2023:059:11:59:45.000 -0.24673650750383963 -0.43726095325039444 0.8122588890374012 0.2969165744340163 -0.607878165 -0.218143653 0.612669244 0.455558867 ENAB NMAN 0
2023:059:11:59:45.000 2023:059:12:04:17.929 -0.38817442047218065 -0.36865531000623053 0.7619047771268774 0.3645750850690155 -0.607878165 -0.218143653 0.612669244 0.455558867 ENAB NMAN 0
2023:059:12:04:17.929 2023:059:12:08:50.858 -0.514516803942372 -0.29023893109633114 0.6892355497393404 0.41950945004735585 -0.607878165 -0.218143653 0.612669244 0.455558867 ENAB NMAN 0
2023:059:12:08:50.858 2023:059:12:13:23.787 -0.5881350527944189 -0.23464844162623036 0.6308951329042255 0.4483398266507084 -0.607878165 -0.218143653 0.612669244 0.455558867 ENAB NMAN 0
2023:059:12:13:23.787 2023:059:12:15:40.251 -0.607878165 -0.218143653 0.612669244 0.455558867 -0.607878165 -0.218143653 0.612669244 0.455558867 ENAB NMAN 0
2023:059:12:15:40.251 2023:059:12:35:41.000 -0.607878165 -0.218143653 0.612669244 0.455558867 -0.607878165 -0.218143653 0.612669244 0.455558867 ENAB NPNT 0
2023:059:12:35:41.000 2023:059:12:35:41.257 -0.607878165 -0.218143653 0.612669244 0.455558867 -0.607878165 -0.218143653 0.612669244 0.455558867 ENAB NMAN 0
2023:059:12:35:41.257 2023:059:12:35:45.357 -0.607878165 -0.218143653 0.612669244 0.455558867 -0.607878165 -0.218143653 0.612669244 0.455558867 DISA NMAN 0
2023:059:12:35:45.357 2023:059:12:35:51.251 -0.607878165 -0.218143653 0.612669244 0.455558867 -0.607929203 -0.218212296 0.612644798 0.455490756 DISA NMAN 0
2023:059:12:35:51.251 2023:059:12:38:31.251 -0.607887940939779 -0.21815680038207233 0.6126645625521208 0.4555458222546637 -0.607929203 -0.218212296 0.612644798 0.455490756 DISA NMAN 0
2023:059:12:38:31.251 2023:059:13:08:01.000 -0.607929203 -0.218212296 0.612644798 0.455490756 -0.607929203 -0.218212296 0.612644798 0.455490756 DISA NMAN 0
2023:059:13:08:01.000 2023:059:13:08:01.257 -0.607929203 -0.218212296 0.612644798 0.455490756 -0.607929203 -0.218212296 0.612644798 0.455490756 DISA NMAN 0
2023:059:13:08:01.257 2023:059:13:08:05.357 -0.607929203 -0.218212296 0.612644798 0.455490756 -0.607929203 -0.218212296 0.612644798 0.455490756 ENAB NMAN 0
2023:059:13:08:05.357 2023:059:13:08:11.251 -0.607929203 -0.218212296 0.612644798 0.455490756 -0.608030569 -0.21834865 0.612596215 0.455355435 ENAB NMAN 0
2023:059:13:08:11.251 2023:059:13:10:51.251 -0.6079486190143254 -0.21823841151937529 0.6126354955885279 0.4554648408217615 -0.608030569 -0.21834865 0.612596215 0.455355435 ENAB NMAN 0
2023:059:13:10:51.251 2023:059:13:12:11.251 -0.608030569 -0.21834865 0.612596215 0.455355435 -0.608030569 -0.21834865 0.612596215 0.455355435 ENAB NMAN 0
2023:059:13:12:11.251 2023:059:13:48:11.000 -0.608030569 -0.21834865 0.612596215 0.455355435 -0.608030569 -0.21834865 0.612596215 0.455355435 ENAB NPNT 0
2023:059:13:48:11.000 2023:059:13:48:11.257 -0.608030569 -0.21834865 0.612596215 0.455355435 -0.608030569 -0.21834865 0.612596215 0.455355435 ENAB NMAN 0
2023:059:13:48:11.257 2023:059:13:48:15.357 -0.608030569 -0.21834865 0.612596215 0.455355435 -0.608030569 -0.21834865 0.612596215 0.455355435 ENAB NMAN 0
2023:059:13:48:15.357 2023:059:13:48:21.251 -0.608030569 -0.21834865 0.612596215 0.455355435 -0.1119673 -0.584787858 0.771227108 0.225156021 ENAB NMAN 0
2023:059:13:48:21.251 2023:059:13:53:33.150 -0.6030720403829579 -0.2241028576288722 0.6167104033610352 0.45359707043678144 -0.1119673 -0.584787858 0.771227108 0.225156021 ENAB NMAN 0
2023:059:13:53:33.150 2023:059:13:58:45.050 -0.5461816110872894 -0.28548595163538204 0.6583079594868636 0.432219909556266 -0.1119673 -0.584787858 0.771227108 0.225156021 ENAB NMAN 0
2023:059:13:58:45.050 2023:059:14:03:56.949 -0.41946723556717036 -0.39861099113561915 0.7224313200613206 0.37848316268709337 -0.1119673 -0.584787858 0.771227108 0.225156021 ENAB NMAN 0
2023:059:14:03:56.949 2023:059:14:09:08.848 -0.2665065987847878 -0.5042432306656977 0.7624477415352248 0.3055919488001458 -0.1119673 -0.584787858 0.771227108 0.225156021 ENAB NMAN 0
2023:059:14:09:08.848 2023:059:14:14:20.747 -0.14747562460150498 -0.5683723535563291 0.7717381642182134 0.2441802906910972 -0.1119673 -0.584787858 0.771227108 0.225156021 ENAB NMAN 0
