kadi/commands/tests/data/regression/q1-set-2023030-2023060.ecsv
# %ECSV 1.0
# ---
# datatype:
# - {name: datestart, datatype: string}
# - {name: datestop, datatype: string}
# - {name: q1, datatype: float64}
# - {name: q2, datatype: float64}
# - {name: q3, datatype: float64}
# - {name: q4, datatype: float64}
# - {name: targ_q1, datatype: float64}
# - {name: targ_q2, datatype: float64}
# - {name: targ_q3, datatype: float64}
# - {name: targ_q4, datatype: float64}
# - {name: auto_npnt, datatype: string}
# - {name: pcad_mode, datatype: string}
# - {name: sun_vector_update, datatype: int64}
# meta: !!omap
# - continuity_transitions: []
# - {start: '2023:030:00:00:00.000'}
# - {stop: '2023:060:00:00:00.000'}
# - state_keys: !!python/tuple [q1, q2, q3, q4, targ_q1, targ_q2, targ_q3, targ_q4, auto_npnt, pcad_mode, sun_vector_update]
# schema: astropy-2.0
datestart datestop q1 q2 q3 q4 targ_q1 targ_q2 targ_q3 targ_q4 auto_npnt pcad_mode sun_vector_update
[from data line 475]
2023:036:23:58:09.863 2023:037:00:03:06.257 -0.6350101184741718 0.22809989320101948 0.6536941209690708 0.3426610338054727 0.0386725639 0.151915246 0.938555098 0.307474421 ENAB NMAN 0
2023:037:00:03:06.257 2023:037:00:08:02.651 -0.4818453974310234 0.2197758751877364 0.7715459620168605 0.35247752534954685 0.0386725639 0.151915246 0.938555098 0.307474421 ENAB NMAN 0
2023:037:00:08:02.651 2023:037:00:12:59.045 -0.31060466020692223 0.2032071540035669 0.8604539190551281 0.34907112530721196 0.0386725639 0.151915246 0.938555098 0.307474421 ENAB NMAN 0
2023:037:00:12:59.045 2023:037:00:17:55.438 -0.1285950843444245 0.17914654658314916 0.9168943480187997 0.33267788237576235 0.0386725639 0.151915246 0.938555098 0.307474421 ENAB NMAN 0
2023:037:00:17:55.438 2023:037:00:22:51.832 0.0009947333838192518 0.1584625893605872 0.9361150224952777 0.31397019390120184 0.0386725639 0.151915246 0.938555098 0.307474421 ENAB NMAN 0
2023:037:00:22:51.832 2023:037:00:25:20.029 0.0386725639 0.151915246 0.938555098 0.307474421 0.0386725639 0.151915246 0.938555098 0.307474421 ENAB NMAN 0
2023:037:00:25:20.029 2023:037:03:05:30.816 0.0386725639 0.151915246 0.938555098 0.307474421 0.0386725639 0.151915246 0.938555098 0.307474421 ENAB NPNT 0
2023:037:03:05:30.816 2023:037:04:56:19.778 0.0386725639 0.151915246 0.938555098 0.307474421 0.0386725639 0.151915246 0.938555098 0.307474421 ENAB NPNT 0
2023:037:04:56:19.778 2023:037:04:56:20.035 0.0386725639 0.151915246 0.938555098 0.307474421 0.0386725639 0.151915246 0.938555098 0.307474421 ENAB NMAN 0
2023:037:04:56:20.035 2023:037:04:56:24.135 0.0386725639 0.151915246 0.938555098 0.307474421 0.0386725639 0.151915246 0.938555098 0.307474421 ENAB NMAN 0
2023:037:04:56:24.135 2023:037:04:56:30.029 0.0386725639 0.151915246 0.938555098 0.307474421 -0.808244434 0.223498275 0.451790272 0.304425698 ENAB NMAN 0
2023:037:04:56:30.029 2023:037:05:01:26.547 0.031113685786743964 0.1532285633225039 0.9381929850289529 0.3087828840759523 -0.808244434 0.223498275 0.451790272 0.304425698 ENAB NMAN 0
2023:037:05:01:26.547 2023:037:05:06:23.064 -0.052542849081588135 0.1671211917264145 0.9303928567453118 0.32199206375397704 -0.808244434 0.223498275 0.451790272 0.304425698 ENAB NMAN 0
2023:037:05:06:23.064 2023:037:05:11:19.582 -0.22069998423790105 0.1914312647695769 0.8933659937460725 0.3413836401486133 -0.808244434 0.223498275 0.451790272 0.304425698 ENAB NMAN 0
2023:037:05:11:19.582 2023:037:05:16:16.100 -0.39887691282881355 0.2114932859924262 0.8204957035732463 0.35064882650172857 -0.808244434 0.223498275 0.451790272 0.304425698 ENAB NMAN 0
2023:037:05:16:16.100 2023:037:05:21:12.617 -0.5620778380378504 0.22361470181948054 0.7168195531555062 0.34674875349125106 -0.808244434 0.223498275 0.451790272 0.304425698 ENAB NMAN 0
2023:037:05:21:12.617 2023:037:05:26:09.135 -0.7035676056578526 0.22734286954404678 0.5868972141704716 0.3299386377073922 -0.808244434 0.223498275 0.451790272 0.304425698 ENAB NMAN 0
2023:037:05:26:09.135 2023:037:05:31:05.653 -0.7867164836594026 0.22495165101570197 0.48348957106124174 0.3109851514716202 -0.808244434 0.223498275 0.451790272 0.304425698 ENAB NMAN 0
2023:037:05:31:05.653 2023:037:05:33:33.912 -0.808244434 0.223498275 0.451790272 0.304425698 -0.808244434 0.223498275 0.451790272 0.304425698 ENAB NMAN 0
2023:037:05:33:33.912 2023:037:05:52:10.816 -0.808244434 0.223498275 0.451790272 0.304425698 -0.808244434 0.223498275 0.451790272 0.304425698 ENAB NPNT 0
2023:037:05:52:10.816 2023:037:08:38:50.816 -0.808244434 0.223498275 0.451790272 0.304425698 -0.808244434 0.223498275 0.451790272 0.304425698 ENAB NPNT 0
2023:037:08:38:50.816 2023:037:09:22:53.661 -0.808244434 0.223498275 0.451790272 0.304425698 -0.808244434 0.223498275 0.451790272 0.304425698 ENAB NPNT 0
2023:037:09:22:53.661 2023:037:09:22:53.918 -0.808244434 0.223498275 0.451790272 0.304425698 -0.808244434 0.223498275 0.451790272 0.304425698 ENAB NMAN 0
2023:037:09:22:53.918 2023:037:09:22:58.018 -0.808244434 0.223498275 0.451790272 0.304425698 -0.808244434 0.223498275 0.451790272 0.304425698 ENAB NMAN 0
2023:037:09:22:58.018 2023:037:09:23:03.912 -0.808244434 0.223498275 0.451790272 0.304425698 -0.472130198 0.242155484 0.826401823 0.188451119 ENAB NMAN 0
2023:037:09:23:03.912 2023:037:09:27:29.132 -0.8055311578438137 0.22406818367156292 0.4569276760177915 0.3035294074624221 -0.472130198 0.242155484 0.826401823 0.188451119 ENAB NMAN 0
2023:037:09:27:29.132 2023:037:09:31:54.352 -0.7722663516148489 0.23006604897280328 0.5149264186478718 0.29244670992949867 -0.472130198 0.242155484 0.826401823 0.188451119 ENAB NMAN 0
2023:037:09:31:54.352 2023:037:09:36:19.571 -0.6902858398347029 0.23921982852804768 0.6294976442633932 0.26459789932296485 -0.472130198 0.242155484 0.826401823 0.188451119 ENAB NMAN 0
2023:037:09:36:19.571 2023:037:09:40:44.791 -0.5767199498640885 0.2436309274929945 0.7465309426166522 0.22523237291769677 -0.472130198 0.242155484 0.826401823 0.188451119 ENAB NMAN 0
2023:037:09:40:44.791 2023:037:09:45:10.011 -0.49616666036678725 0.24287543784020008 0.8099658499150486 0.19694031659964967 -0.472130198 0.242155484 0.826401823 0.188451119 ENAB NMAN 0
2023:037:09:45:10.011 2023:037:09:47:22.621 -0.472130198 0.242155484 0.826401823 0.188451119 -0.472130198 0.242155484 0.826401823 0.188451119 ENAB NMAN 0
2023:037:09:47:22.621 2023:037:11:25:30.816 -0.472130198 0.242155484 0.826401823 0.188451119 -0.472130198 0.242155484 0.826401823 0.188451119 ENAB NPNT 0
2023:037:11:25:30.816 2023:037:14:12:10.816 -0.472130198 0.242155484 0.826401823 0.188451119 -0.472130198 0.242155484 0.826401823 0.188451119 ENAB NPNT 0
2023:037:14:12:10.816 2023:037:14:15:44.261 -0.472130198 0.242155484 0.826401823 0.188451119 -0.472130198 0.242155484 0.826401823 0.188451119 ENAB NPNT 0
2023:037:14:15:44.261 2023:037:14:15:44.518 -0.472130198 0.242155484 0.826401823 0.188451119 -0.472130198 0.242155484 0.826401823 0.188451119 ENAB NMAN 0
2023:037:14:15:44.518 2023:037:14:15:48.618 -0.472130198 0.242155484 0.826401823 0.188451119 -0.472130198 0.242155484 0.826401823 0.188451119 ENAB NMAN 0
2023:037:14:15:48.618 2023:037:14:15:54.512 -0.472130198 0.242155484 0.826401823 0.188451119 -0.0658243179 -0.0679338194 0.929670267 0.35604122 ENAB NMAN 0
2023:037:14:15:54.512 2023:037:14:20:28.635 -0.4680348172871148 0.2388164951419747 0.8291520200092387 0.19083243637963707 -0.0658243179 -0.0679338194 0.929670267 0.35604122 ENAB NMAN 0
2023:037:14:20:28.635 2023:037:14:25:02.757 -0.4201193448371009 0.20016435325104553 0.8580162917108839 0.21735227292303186 -0.0658243179 -0.0679338194 0.929670267 0.35604122 ENAB NMAN 0
2023:037:14:25:02.757 2023:037:14:29:36.880 -0.31264960711081285 0.11586760678595898 0.9035650633536018 0.26906336941846876 -0.0658243179 -0.0679338194 0.929670267 0.35604122 ENAB NMAN 0
2023:037:14:29:36.880 2023:037:14:34:11.003 -0.1805641418454797 0.01598625595120682 0.929726837672621 0.32054490670794444 -0.0658243179 -0.0679338194 0.929670267 0.35604122 ENAB NMAN 0
2023:037:14:34:11.003 2023:037:14:38:45.126 -0.09159409541062025 -0.04930251332555975 0.931417411622175 0.3487712556929111 -0.0658243179 -0.0679338194 0.929670267 0.35604122 ENAB NMAN 0
2023:037:14:38:45.126 2023:037:14:41:02.187 -0.0658243179 -0.0679338194 0.929670267 0.35604122 -0.0658243179 -0.0679338194 0.929670267 0.35604122 ENAB NMAN 0
2023:037:14:41:02.187 2023:037:16:58:50.816 -0.0658243179 -0.0679338194 0.929670267 0.35604122 -0.0658243179 -0.0679338194 0.929670267 0.35604122 ENAB NPNT 0
2023:037:16:58:50.816 2023:037:19:45:30.816 -0.0658243179 -0.0679338194 0.929670267 0.35604122 -0.0658243179 -0.0679338194 0.929670267 0.35604122 ENAB NPNT 0
2023:037:19:45:30.816 2023:037:19:51:33.861 -0.0658243179 -0.0679338194 0.929670267 0.35604122 -0.0658243179 -0.0679338194 0.929670267 0.35604122 ENAB NPNT 0
2023:037:19:51:33.861 2023:037:19:51:34.118 -0.0658243179 -0.0679338194 0.929670267 0.35604122 -0.0658243179 -0.0679338194 0.929670267 0.35604122 ENAB NMAN 0
2023:037:19:51:34.118 2023:037:19:51:38.218 -0.0658243179 -0.0679338194 0.929670267 0.35604122 -0.0658243179 -0.0679338194 0.929670267 0.35604122 ENAB NMAN 0
2023:037:19:51:38.218 2023:037:19:51:44.112 -0.0658243179 -0.0679338194 0.929670267 0.35604122 -0.467656811 0.261185831 0.820584762 0.199298059 ENAB NMAN 0
2023:037:19:51:44.112 2023:037:19:56:19.879 -0.07086657875740887 -0.06402984916760195 0.9300579756948678 0.3547820015239929 -0.467656811 0.261185831 0.820584762 0.199298059 ENAB NMAN 0
2023:037:19:56:19.879 2023:037:20:00:55.646 -0.12785199116919163 -0.01955551840216411 0.9316916565273803 0.3394438208887791 -0.467656811 0.261185831 0.820584762 0.199298059 ENAB NMAN 0
2023:037:20:00:55.646 2023:037:20:05:31.414 -0.24454322849769553 0.07362366764282183 0.918649068054068 0.3014333343383696 -0.467656811 0.261185831 0.820584762 0.199298059 ENAB NMAN 0
2023:037:20:05:31.414 2023:037:20:10:07.181 -0.3706263876458875 0.17786310665595123 0.8768670378927215 0.24920873631698853 -0.467656811 0.261185831 0.820584762 0.199298059 ENAB NMAN 0
2023:037:20:10:07.181 2023:037:20:14:42.948 -0.4468461021995173 0.24304628338766188 0.8347463815775239 0.2108448335909267 -0.467656811 0.261185831 0.820584762 0.199298059 ENAB NMAN 0
2023:037:20:14:42.948 2023:037:20:17:00.832 -0.467656811 0.261185831 0.820584762 0.199298059 -0.467656811 0.261185831 0.820584762 0.199298059 ENAB NMAN 0
2023:037:20:17:00.832 2023:037:22:32:10.816 -0.467656811 0.261185831 0.820584762 0.199298059 -0.467656811 0.261185831 0.820584762 0.199298059 ENAB NPNT 0
2023:037:22:32:10.816 2023:037:23:25:01.461 -0.467656811 0.261185831 0.820584762 0.199298059 -0.467656811 0.261185831 0.820584762 0.199298059 ENAB NPNT 0
2023:037:23:25:01.461 2023:037:23:25:01.718 -0.467656811 0.261185831 0.820584762 0.199298059 -0.467656811 0.261185831 0.820584762 0.199298059 ENAB NMAN 0
2023:037:23:25:01.718 2023:037:23:25:05.818 -0.467656811 0.261185831 0.820584762 0.199298059 -0.467656811 0.261185831 0.820584762 0.199298059 ENAB NMAN 0
2023:037:23:25:05.818 2023:037:23:25:11.712 -0.467656811 0.261185831 0.820584762 0.199298059 0.0242762528 0.107882075 0.944624823 0.308959649 ENAB NMAN 0
2023:037:23:25:11.712 2023:037:23:29:43.958 -0.46252244615161686 0.2597881285331772 0.8235243201796693 0.20097464588694297 0.0242762528 0.107882075 0.944624823 0.308959649 ENAB NMAN 0
2023:037:23:29:43.958 2023:037:23:34:16.204 -0.40269823712908626 0.24312584969056553 0.8547134872706573 0.21951948624350626 0.0242762528 0.107882075 0.944624823 0.308959649 ENAB NMAN 0
2023:037:23:34:16.204 2023:037:23:38:48.450 -0.27053035420992483 0.20410956169215702 0.9056953791853809 0.25469293970731016 0.0242762528 0.107882075 0.944624823 0.308959649 ENAB NMAN 0
2023:037:23:38:48.450 2023:037:23:43:20.696 -0.11098624127768467 0.1535049796248555 0.9387298305816234 0.2879315540041333 0.0242762528 0.107882075 0.944624823 0.308959649 ENAB NMAN 0
2023:037:23:43:20.696 2023:037:23:47:52.942 -0.005885850076019043 0.1182657161234794 0.945019212288009 0.30482333359316294 0.0242762528 0.107882075 0.944624823 0.308959649 ENAB NMAN 0
2023:037:23:47:52.942 2023:037:23:50:09.065 0.0242762528 0.107882075 0.944624823 0.308959649 0.0242762528 0.107882075 0.944624823 0.308959649 ENAB NMAN 0
2023:037:23:50:09.065 2023:038:01:18:50.816 0.0242762528 0.107882075 0.944624823 0.308959649 0.0242762528 0.107882075 0.944624823 0.308959649 ENAB NPNT 0
2023:038:01:18:50.816 2023:038:03:47:48.502 0.0242762528 0.107882075 0.944624823 0.308959649 0.0242762528 0.107882075 0.944624823 0.308959649 ENAB NPNT 0
2023:038:03:47:48.502 2023:038:03:47:48.759 0.0242762528 0.107882075 0.944624823 0.308959649 0.0242762528 0.107882075 0.944624823 0.308959649 ENAB NMAN 0
2023:038:03:47:48.759 2023:038:03:47:52.859 0.0242762528 0.107882075 0.944624823 0.308959649 0.0242762528 0.107882075 0.944624823 0.308959649 ENAB NMAN 0
2023:038:03:47:52.859 2023:038:03:47:58.753 0.0242762528 0.107882075 0.944624823 0.308959649 0.715133081 -0.351588637 -0.602171897 0.0485707083 ENAB NMAN 0
2023:038:03:47:58.753 2023:038:03:52:42.106 0.01807152192415554 0.11034402258707152 0.945108985330838 0.3070286991729959 0.715133081 -0.351588637 -0.602171897 0.0485707083 ENAB NMAN 0
2023:038:03:52:42.106 2023:038:03:57:25.459 -0.051670627299774195 0.13762454899577747 0.9473924714631755 0.2843187195689941 0.715133081 -0.351588637 -0.602171897 0.0485707083 ENAB NMAN 0
2023:038:03:57:25.459 2023:038:04:02:08.812 -0.1947889807074751 0.19131906599434126 0.9336494249231901 0.2318469728439246 0.715133081 -0.351588637 -0.602171897 0.0485707083 ENAB NMAN 0
2023:038:04:02:08.812 2023:038:04:06:52.165 -0.35176706594708373 0.2464119163597147 0.8879563611140772 0.1645436083300073 0.715133081 -0.351588637 -0.602171897 0.0485707083 ENAB NMAN 0
2023:038:04:06:52.165 2023:038:04:11:35.518 -0.4966813206326094 0.29305408474476413 0.8118108868410703 0.09159723057860511 0.715133081 -0.351588637 -0.602171897 0.0485707083 ENAB NMAN 0
2023:038:04:11:35.518 2023:038:04:16:18.871 -0.6230677107028622 0.3292509766750974 0.7093016026645944 0.01648205659881058 0.715133081 -0.351588637 -0.602171897 0.0485707083 ENAB NMAN 0
2023:038:04:16:18.871 2023:038:04:21:02.224 0.6960019061160801 -0.3473301825436732 -0.6275207972213562 0.03406962761661608 0.715133081 -0.351588637 -0.602171897 0.0485707083 ENAB NMAN 0
2023:038:04:21:02.224 2023:038:04:23:23.901 0.715133081 -0.351588637 -0.602171897 0.0485707083 0.715133081 -0.351588637 -0.602171897 0.0485707083 ENAB NMAN 0
2023:038:04:23:23.901 2023:038:05:29:01.926 0.715133081 -0.351588637 -0.602171897 0.0485707083 0.715133081 -0.351588637 -0.602171897 0.0485707083 ENAB NPNT 0
2023:038:05:29:01.926 2023:038:05:29:02.183 0.715133081 -0.351588637 -0.602171897 0.0485707083 0.715133081 -0.351588637 -0.602171897 0.0485707083 ENAB NMAN 0
2023:038:05:29:02.183 2023:038:05:29:06.283 0.715133081 -0.351588637 -0.602171897 0.0485707083 0.715133081 -0.351588637 -0.602171897 0.0485707083 ENAB NMAN 0
2023:038:05:29:06.283 2023:038:05:29:12.177 0.715133081 -0.351588637 -0.602171897 0.0485707083 0.0102875486 0.336384483 0.921074004 0.195863025 ENAB NMAN 0
2023:038:05:29:12.177 2023:038:05:34:14.746 0.709908533432178 -0.3527236827746895 -0.6078575237401759 0.046098905105310145 0.0102875486 0.336384483 0.921074004 0.195863025 ENAB NMAN 0
2023:038:05:34:14.746 2023:038:05:39:17.314 0.649441711525092 -0.363623794169276 -0.6675708974743361 0.01876957484923487 0.0102875486 0.336384483 0.921074004 0.195863025 ENAB NMAN 0
2023:038:05:39:17.314 2023:038:05:44:19.883 -0.5124577998102597 0.37657588658820357 0.7708763248452286 0.03643209157408024 0.0102875486 0.336384483 0.921074004 0.195863025 ENAB NMAN 0
2023:038:05:44:19.883 2023:038:05:49:22.452 -0.343538293326058 0.37665469439986504 0.8549900014054754 0.0954189716526079 0.0102875486 0.336384483 0.921074004 0.195863025 ENAB NMAN 0
2023:038:05:49:22.452 2023:038:05:54:25.020 -0.16166223453205983 0.3620658827635894 0.9055994826876306 0.15054300339116483 0.0102875486 0.336384483 0.921074004 0.195863025 ENAB NMAN 0
2023:038:05:54:25.020 2023:038:05:59:27.589 -0.02862441712433795 0.3431608560581479 0.9201990263624737 0.1861585935290097 0.0102875486 0.336384483 0.921074004 0.195863025 ENAB NMAN 0
2023:038:05:59:27.589 2023:038:06:01:58.874 0.0102875486 0.336384483 0.921074004 0.195863025 0.0102875486 0.336384483 0.921074004 0.195863025 ENAB NMAN 0
2023:038:06:01:58.874 2023:038:06:52:10.816 0.0102875486 0.336384483 0.921074004 0.195863025 0.0102875486 0.336384483 0.921074004 0.195863025 ENAB NPNT 0
2023:038:06:52:10.816 2023:038:07:07:00.254 0.0102875486 0.336384483 0.921074004 0.195863025 0.0102875486 0.336384483 0.921074004 0.195863025 ENAB NPNT 0
2023:038:07:07:00.254 2023:038:07:07:00.511 0.0102875486 0.336384483 0.921074004 0.195863025 0.0102875486 0.336384483 0.921074004 0.195863025 ENAB NMAN 0
