kadi/commands/tests/data/regression/q1-set-2023030-2023060.ecsv
# %ECSV 1.0
# ---
# datatype:
# - {name: datestart, datatype: string}
# - {name: datestop, datatype: string}
# - {name: q1, datatype: float64}
# - {name: q2, datatype: float64}
# - {name: q3, datatype: float64}
# - {name: q4, datatype: float64}
# - {name: targ_q1, datatype: float64}
# - {name: targ_q2, datatype: float64}
# - {name: targ_q3, datatype: float64}
# - {name: targ_q4, datatype: float64}
# - {name: auto_npnt, datatype: string}
# - {name: pcad_mode, datatype: string}
# - {name: sun_vector_update, datatype: int64}
# meta: !!omap
# - continuity_transitions: []
# - {start: '2023:030:00:00:00.000'}
# - {stop: '2023:060:00:00:00.000'}
# - state_keys: !!python/tuple [q1, q2, q3, q4, targ_q1, targ_q2, targ_q3, targ_q4, auto_npnt, pcad_mode, sun_vector_update]
# schema: astropy-2.0
datestart datestop q1 q2 q3 q4 targ_q1 targ_q2 targ_q3 targ_q4 auto_npnt pcad_mode sun_vector_update
[from data line 569]
2023:038:07:07:04.611 2023:038:07:07:10.505 0.0102875486 0.336384483 0.921074004 0.195863025 -0.294603585 -0.855436478 -0.214840962 0.367805004 ENAB NMAN 0
2023:038:07:07:10.505 2023:038:07:11:53.259 0.012500221619568961 0.3418286296546235 0.9197644090379629 0.19243275121732203 -0.294603585 -0.855436478 -0.214840962 0.367805004 ENAB NMAN 0
2023:038:07:11:53.259 2023:038:07:16:36.013 0.0373273181857383 0.4018854468968042 0.9020040351079698 0.1532432021483313 -0.294603585 -0.855436478 -0.214840962 0.367805004 ENAB NMAN 0
2023:038:07:16:36.013 2023:038:07:21:18.767 0.0879550974180856 0.518327976053315 0.8478254811908991 0.06922400586636723 -0.294603585 -0.855436478 -0.214840962 0.367805004 ENAB NMAN 0
2023:038:07:21:18.767 2023:038:07:26:01.521 -0.14297606711830865 -0.6347640400692449 -0.7588103693259803 0.028970338897523262 -0.294603585 -0.855436478 -0.214840962 0.367805004 ENAB NMAN 0
2023:038:07:26:01.521 2023:038:07:30:44.275 -0.19311433498143665 -0.7295226051370236 -0.6438815163784446 0.12617533257764701 -0.294603585 -0.855436478 -0.214840962 0.367805004 ENAB NMAN 0
2023:038:07:30:44.275 2023:038:07:35:27.029 -0.23665765491245377 -0.7993676204331651 -0.5069637982574733 0.21907137763028356 -0.294603585 -0.855436478 -0.214840962 0.367805004 ENAB NMAN 0
2023:038:07:35:27.029 2023:038:07:40:09.783 -0.2717108792275913 -0.8415389929013221 -0.35485024700428563 0.3034248229843971 -0.294603585 -0.855436478 -0.214840962 0.367805004 ENAB NMAN 0
2023:038:07:40:09.783 2023:038:07:44:52.537 -0.290093540679752 -0.8541416849742305 -0.24672517442503641 0.35413896624957836 -0.294603585 -0.855436478 -0.214840962 0.367805004 ENAB NMAN 0
2023:038:07:44:52.537 2023:038:07:47:13.914 -0.294603585 -0.855436478 -0.214840962 0.367805004 -0.294603585 -0.855436478 -0.214840962 0.367805004 ENAB NMAN 0
2023:038:07:47:13.914 2023:038:08:53:13.663 -0.294603585 -0.855436478 -0.214840962 0.367805004 -0.294603585 -0.855436478 -0.214840962 0.367805004 ENAB NPNT 0
2023:038:08:53:13.663 2023:038:08:53:13.920 -0.294603585 -0.855436478 -0.214840962 0.367805004 -0.294603585 -0.855436478 -0.214840962 0.367805004 ENAB NMAN 0
2023:038:08:53:13.920 2023:038:08:53:18.020 -0.294603585 -0.855436478 -0.214840962 0.367805004 -0.294603585 -0.855436478 -0.214840962 0.367805004 DISA NMAN 0
2023:038:08:53:18.020 2023:038:08:53:23.914 -0.294603585 -0.855436478 -0.214840962 0.367805004 -0.310422799 -0.851001529 -0.120989838 0.405950173 DISA NMAN 0
2023:038:08:53:23.914 2023:038:08:57:54.524 -0.29565066661609524 -0.8554242288044259 -0.20921748012764 0.37022711707987355 -0.310422799 -0.851001529 -0.120989838 0.405950173 DISA NMAN 0
2023:038:08:57:54.524 2023:038:09:02:25.135 -0.30587473841816476 -0.8533336885638558 -0.150184033187276 0.3945972841311115 -0.310422799 -0.851001529 -0.120989838 0.405950173 DISA NMAN 0
2023:038:09:02:25.135 2023:038:09:37:50.189 -0.310422799 -0.851001529 -0.120989838 0.405950173 -0.310422799 -0.851001529 -0.120989838 0.405950173 DISA NMAN 0
2023:038:09:37:50.189 2023:038:09:37:50.446 -0.310422799 -0.851001529 -0.120989838 0.405950173 -0.310422799 -0.851001529 -0.120989838 0.405950173 DISA NMAN 0
2023:038:09:37:50.446 2023:038:09:37:54.546 -0.310422799 -0.851001529 -0.120989838 0.405950173 -0.310422799 -0.851001529 -0.120989838 0.405950173 ENAB NMAN 0
2023:038:09:37:54.546 2023:038:09:38:00.440 -0.310422799 -0.851001529 -0.120989838 0.405950173 -0.310219564 -0.851061983 -0.120563857 0.406105503 ENAB NMAN 0
2023:038:09:38:00.440 2023:038:09:40:40.440 -0.31038394039777356 -0.8510131061370136 -0.12090838000434194 0.405979884634987 -0.310219564 -0.851061983 -0.120563857 0.406105503 ENAB NMAN 0
2023:038:09:40:40.440 2023:038:09:42:00.440 -0.310219564 -0.851061983 -0.120563857 0.406105503 -0.310219564 -0.851061983 -0.120563857 0.406105503 ENAB NMAN 0
2023:038:09:42:00.440 2023:038:10:11:20.189 -0.310219564 -0.851061983 -0.120563857 0.406105503 -0.310219564 -0.851061983 -0.120563857 0.406105503 ENAB NPNT 0
2023:038:10:11:20.189 2023:038:10:11:20.446 -0.310219564 -0.851061983 -0.120563857 0.406105503 -0.310219564 -0.851061983 -0.120563857 0.406105503 ENAB NMAN 0
2023:038:10:11:20.446 2023:038:10:11:24.546 -0.310219564 -0.851061983 -0.120563857 0.406105503 -0.310219564 -0.851061983 -0.120563857 0.406105503 ENAB NMAN 0
2023:038:10:11:24.546 2023:038:10:11:30.440 -0.310219564 -0.851061983 -0.120563857 0.406105503 0.0477313615 -0.60093201 -0.549519 0.578473253 ENAB NMAN 0
2023:038:10:11:30.440 2023:038:10:16:30.221 -0.3062908704777796 -0.8499988040382086 -0.1265774881919178 0.4094704815446966 0.0477313615 -0.60093201 -0.549519 0.578473253 ENAB NMAN 0
2023:038:10:16:30.221 2023:038:10:21:30.002 -0.26174091895674745 -0.8346890275503384 -0.19224440656224512 0.444778604200022 0.0477313615 -0.60093201 -0.549519 0.578473253 ENAB NMAN 0
2023:038:10:21:30.002 2023:038:10:26:29.782 -0.16586069089886651 -0.7841015599689195 -0.3198823713721902 0.5053219204942566 0.0477313615 -0.60093201 -0.549519 0.578473253 ENAB NMAN 0
2023:038:10:26:29.782 2023:038:10:31:29.563 -0.054786546695051036 -0.700124551234918 -0.44805278274584176 0.5532384213979407 0.0477313615 -0.60093201 -0.549519 0.578473253 ENAB NMAN 0
2023:038:10:31:29.563 2023:038:10:36:29.344 0.02467326630269928 -0.6250175555310442 -0.5280754651398127 0.5743523207084362 0.0477313615 -0.60093201 -0.549519 0.578473253 ENAB NMAN 0
2023:038:10:36:29.344 2023:038:10:38:59.234 0.0477313615 -0.60093201 -0.549519 0.578473253 0.0477313615 -0.60093201 -0.549519 0.578473253 ENAB NMAN 0
2023:038:10:38:59.234 2023:038:12:25:30.816 0.0477313615 -0.60093201 -0.549519 0.578473253 0.0477313615 -0.60093201 -0.549519 0.578473253 ENAB NPNT 0
2023:038:12:25:30.816 2023:038:12:41:38.983 0.0477313615 -0.60093201 -0.549519 0.578473253 0.0477313615 -0.60093201 -0.549519 0.578473253 ENAB NPNT 0
2023:038:12:41:38.983 2023:038:12:41:39.240 0.0477313615 -0.60093201 -0.549519 0.578473253 0.0477313615 -0.60093201 -0.549519 0.578473253 ENAB NMAN 0
2023:038:12:41:39.240 2023:038:12:41:43.340 0.0477313615 -0.60093201 -0.549519 0.578473253 0.0477313615 -0.60093201 -0.549519 0.578473253 ENAB NMAN 0
2023:038:12:41:43.340 2023:038:12:41:49.234 0.0477313615 -0.60093201 -0.549519 0.578473253 0.297346256 0.672119486 0.671823148 0.0921642972 ENAB NMAN 0
2023:038:12:41:49.234 2023:038:12:46:35.898 0.04438133511228808 -0.6034266662444467 -0.5523789599895598 0.5733969300844762 0.297346256 0.672119486 0.671823148 0.0921642972 ENAB NMAN 0
2023:038:12:46:35.898 2023:038:12:51:22.562 0.006761079296198647 -0.629209499542645 -0.5824261206746695 0.5146158827305912 0.297346256 0.672119486 0.671823148 0.0921642972 ENAB NMAN 0
2023:038:12:51:22.562 2023:038:12:56:09.226 -0.07074588138837051 -0.6694568655893041 -0.6323935255396691 0.38327660187927026 0.297346256 0.672119486 0.671823148 0.0921642972 ENAB NMAN 0
2023:038:12:56:09.226 2023:038:13:00:55.890 -0.15608783205561738 -0.6928723628214555 -0.6680290034921581 0.22203992282098833 0.297346256 0.672119486 0.671823148 0.0921642972 ENAB NMAN 0
2023:038:13:00:55.890 2023:038:13:05:42.553 -0.23517324795535152 -0.6921016642575795 -0.6802137126785995 0.05475522050636489 0.297346256 0.672119486 0.671823148 0.0921642972 ENAB NMAN 0
2023:038:13:05:42.553 2023:038:13:10:29.217 0.28403851041522127 0.6781338425179244 0.6752302641303702 0.05933553695799032 0.297346256 0.672119486 0.671823148 0.0921642972 ENAB NMAN 0
2023:038:13:10:29.217 2023:038:13:12:52.549 0.297346256 0.672119486 0.671823148 0.0921642972 0.297346256 0.672119486 0.671823148 0.0921642972 ENAB NMAN 0
2023:038:13:12:52.549 2023:038:15:12:10.816 0.297346256 0.672119486 0.671823148 0.0921642972 0.297346256 0.672119486 0.671823148 0.0921642972 ENAB NPNT 0
2023:038:15:12:10.816 2023:038:15:19:18.904 0.297346256 0.672119486 0.671823148 0.0921642972 0.297346256 0.672119486 0.671823148 0.0921642972 ENAB NPNT 0
2023:038:15:19:18.904 2023:038:15:19:19.161 0.297346256 0.672119486 0.671823148 0.0921642972 0.297346256 0.672119486 0.671823148 0.0921642972 ENAB NMAN 0
2023:038:15:19:19.161 2023:038:15:19:23.261 0.297346256 0.672119486 0.671823148 0.0921642972 0.297346256 0.672119486 0.671823148 0.0921642972 ENAB NMAN 0
2023:038:15:19:23.261 2023:038:15:19:29.155 0.297346256 0.672119486 0.671823148 0.0921642972 0.56249027 -0.372503992 -0.598350553 0.432229207 ENAB NMAN 0
2023:038:15:19:29.155 2023:038:15:24:06.205 0.29222762831115595 0.6726436772301433 0.6740098336823952 0.08868055095960549 0.56249027 -0.372503992 -0.598350553 0.432229207 ENAB NMAN 0
2023:038:15:24:06.205 2023:038:15:28:43.256 0.2333798100170925 0.676540271998125 0.6967279048796988 0.048962745921322263 0.56249027 -0.372503992 -0.598350553 0.432229207 ENAB NMAN 0
2023:038:15:28:43.256 2023:038:15:33:20.306 -0.10654582728774119 -0.6725082113158216 -0.7315580981315526 0.03469064345947147 0.56249027 -0.372503992 -0.598350553 0.432229207 ENAB NMAN 0
2023:038:15:33:20.306 2023:038:15:37:57.356 0.04383854863545795 -0.6473205528342605 -0.7496520452356066 0.13067552904456803 0.56249027 -0.372503992 -0.598350553 0.432229207 ENAB NMAN 0
2023:038:15:37:57.356 2023:038:15:42:34.407 0.1927854424221179 -0.6009070152969905 -0.7431646260036686 0.22237551596099694 0.56249027 -0.372503992 -0.598350553 0.432229207 ENAB NMAN 0
2023:038:15:42:34.407 2023:038:15:47:11.457 0.335410830632234 -0.5347895156738965 -0.7123085652988658 0.3067837279043123 0.56249027 -0.372503992 -0.598350553 0.432229207 ENAB NMAN 0
2023:038:15:47:11.457 2023:038:15:51:48.507 0.46476293837961996 -0.45280263490387296 -0.6592836050795672 0.3798819715270291 0.56249027 -0.372503992 -0.598350553 0.432229207 ENAB NMAN 0
2023:038:15:51:48.507 2023:038:15:56:25.558 0.5417133421757588 -0.39120597996065376 -0.6131588280458679 0.4213558911731669 0.56249027 -0.372503992 -0.598350553 0.432229207 ENAB NMAN 0
2023:038:15:56:25.558 2023:038:15:58:44.083 0.56249027 -0.372503992 -0.598350553 0.432229207 0.56249027 -0.372503992 -0.598350553 0.432229207 ENAB NMAN 0
2023:038:15:58:44.083 2023:038:17:58:50.816 0.56249027 -0.372503992 -0.598350553 0.432229207 0.56249027 -0.372503992 -0.598350553 0.432229207 ENAB NPNT 0
2023:038:17:58:50.816 2023:038:19:53:03.832 0.56249027 -0.372503992 -0.598350553 0.432229207 0.56249027 -0.372503992 -0.598350553 0.432229207 ENAB NPNT 0
2023:038:19:53:03.832 2023:038:19:53:04.089 0.56249027 -0.372503992 -0.598350553 0.432229207 0.56249027 -0.372503992 -0.598350553 0.432229207 ENAB NMAN 0
2023:038:19:53:04.089 2023:038:19:53:08.189 0.56249027 -0.372503992 -0.598350553 0.432229207 0.56249027 -0.372503992 -0.598350553 0.432229207 ENAB NMAN 0
2023:038:19:53:08.189 2023:038:19:53:14.083 0.56249027 -0.372503992 -0.598350553 0.432229207 0.248045809 -0.461547982 -0.851299518 0.027126874 ENAB NMAN 0
2023:038:19:53:14.083 2023:038:19:57:57.177 0.5597132562260498 -0.3743947564803065 -0.6027667521194274 0.428044249142708 0.248045809 -0.461547982 -0.851299518 0.027126874 ENAB NMAN 0
2023:038:19:57:57.177 2023:038:20:02:40.271 0.526655283607746 -0.3943914220590293 -0.650375465792882 0.3796068644121922 0.248045809 -0.461547982 -0.851299518 0.027126874 ENAB NMAN 0
2023:038:20:02:40.271 2023:038:20:07:23.365 0.4480849451551443 -0.4280700863821105 -0.7361644551245923 0.27209883800027435 0.248045809 -0.461547982 -0.851299518 0.027126874 ENAB NMAN 0
2023:038:20:07:23.365 2023:038:20:12:06.459 0.34545469413142615 -0.4525551338722885 -0.8096778172830732 0.14239640749674687 0.248045809 -0.461547982 -0.851299518 0.027126874 ENAB NMAN 0
2023:038:20:12:06.459 2023:038:20:16:49.554 0.2704451728444045 -0.4605187238841751 -0.8437809667924745 0.05306216237463135 0.248045809 -0.461547982 -0.851299518 0.027126874 ENAB NMAN 0
2023:038:20:16:49.554 2023:038:20:19:11.101 0.248045809 -0.461547982 -0.851299518 0.027126874 0.248045809 -0.461547982 -0.851299518 0.027126874 ENAB NMAN 0
2023:038:20:19:11.101 2023:038:20:45:30.816 0.248045809 -0.461547982 -0.851299518 0.027126874 0.248045809 -0.461547982 -0.851299518 0.027126874 ENAB NPNT 0
2023:038:20:45:30.816 2023:038:23:32:10.816 0.248045809 -0.461547982 -0.851299518 0.027126874 0.248045809 -0.461547982 -0.851299518 0.027126874 ENAB NPNT 0
2023:038:23:32:10.816 2023:039:02:18:50.816 0.248045809 -0.461547982 -0.851299518 0.027126874 0.248045809 -0.461547982 -0.851299518 0.027126874 ENAB NPNT 0
2023:039:02:18:50.816 2023:039:04:45:11.432 0.248045809 -0.461547982 -0.851299518 0.027126874 0.248045809 -0.461547982 -0.851299518 0.027126874 ENAB NPNT 0
2023:039:04:45:11.432 2023:039:04:45:11.689 0.248045809 -0.461547982 -0.851299518 0.027126874 0.248045809 -0.461547982 -0.851299518 0.027126874 ENAB NMAN 0
2023:039:04:45:11.689 2023:039:04:45:15.789 0.248045809 -0.461547982 -0.851299518 0.027126874 0.248045809 -0.461547982 -0.851299518 0.027126874 ENAB NMAN 0
2023:039:04:45:15.789 2023:039:04:45:21.683 0.248045809 -0.461547982 -0.851299518 0.027126874 0.329429533 -0.435181114 -0.837346037 0.030744039 ENAB NMAN 0
2023:039:04:45:21.683 2023:039:04:49:32.600 0.2529181879737478 -0.4600830649946833 -0.8506515827868105 0.02734680767930847 0.329429533 -0.435181114 -0.837346037 0.030744039 ENAB NMAN 0
2023:039:04:49:32.600 2023:039:04:53:43.518 0.30454939082649296 -0.443677568546563 -0.8423305121003339 0.029651168465884507 0.329429533 -0.435181114 -0.837346037 0.030744039 ENAB NMAN 0
2023:039:04:53:43.518 2023:039:04:55:48.977 0.329429533 -0.435181114 -0.837346037 0.030744039 0.329429533 -0.435181114 -0.837346037 0.030744039 ENAB NMAN 0
2023:039:04:55:48.977 2023:039:05:05:30.816 0.329429533 -0.435181114 -0.837346037 0.030744039 0.329429533 -0.435181114 -0.837346037 0.030744039 ENAB NPNT 0
2023:039:05:05:30.816 2023:039:07:52:10.816 0.329429533 -0.435181114 -0.837346037 0.030744039 0.329429533 -0.435181114 -0.837346037 0.030744039 ENAB NPNT 0
2023:039:07:52:10.816 2023:039:10:38:50.816 0.329429533 -0.435181114 -0.837346037 0.030744039 0.329429533 -0.435181114 -0.837346037 0.030744039 ENAB NPNT 0
2023:039:10:38:50.816 2023:039:13:25:30.816 0.329429533 -0.435181114 -0.837346037 0.030744039 0.329429533 -0.435181114 -0.837346037 0.030744039 ENAB NPNT 0
2023:039:13:25:30.816 2023:039:15:43:48.432 0.329429533 -0.435181114 -0.837346037 0.030744039 0.329429533 -0.435181114 -0.837346037 0.030744039 ENAB NPNT 0
2023:039:15:43:48.432 2023:039:15:43:48.689 0.329429533 -0.435181114 -0.837346037 0.030744039 0.329429533 -0.435181114 -0.837346037 0.030744039 ENAB NMAN 0
2023:039:15:43:48.689 2023:039:15:43:52.789 0.329429533 -0.435181114 -0.837346037 0.030744039 0.329429533 -0.435181114 -0.837346037 0.030744039 ENAB NMAN 0
2023:039:15:43:52.789 2023:039:15:43:58.683 0.329429533 -0.435181114 -0.837346037 0.030744039 0.22196662 0.435352763 0.849653555 0.198211068 ENAB NMAN 0
2023:039:15:43:58.683 2023:039:15:48:47.144 0.3231273964443152 -0.4361630020280192 -0.8393883216668424 0.027888484843460206 0.22196662 0.435352763 0.849653555 0.198211068 ENAB NMAN 0
2023:039:15:48:47.144 2023:039:15:53:35.606 -0.2516421946598967 0.4455486416525046 0.8591542391270318 0.004075289796797572 0.22196662 0.435352763 0.849653555 0.198211068 ENAB NMAN 0
2023:039:15:53:35.606 2023:039:15:58:24.067 -0.09980249778287639 0.45554990270437173 0.8818598362642734 0.06954838297762957 0.22196662 0.435352763 0.849653555 0.198211068 ENAB NMAN 0
2023:039:15:58:24.067 2023:039:16:03:12.528 0.0730046330166393 0.4516557426635103 0.8780557141856966 0.1403409322740274 0.22196662 0.435352763 0.849653555 0.198211068 ENAB NMAN 0
2023:039:16:03:12.528 2023:039:16:08:00.989 0.1889582781243022 0.44003391036437867 0.858020829385282 0.18564801105113785 0.22196662 0.435352763 0.849653555 0.198211068 ENAB NMAN 0
2023:039:16:08:00.989 2023:039:16:10:25.220 0.22196662 0.435352763 0.849653555 0.198211068 0.22196662 0.435352763 0.849653555 0.198211068 ENAB NMAN 0
2023:039:16:10:25.220 2023:039:16:12:10.816 0.22196662 0.435352763 0.849653555 0.198211068 0.22196662 0.435352763 0.849653555 0.198211068 ENAB NPNT 0
2023:039:16:12:10.816 2023:039:18:58:50.816 0.22196662 0.435352763 0.849653555 0.198211068 0.22196662 0.435352763 0.849653555 0.198211068 ENAB NPNT 0
