kadi/commands/tests/data/regression/q1-set-2023030-2023060.ecsv
# %ECSV 1.0
# ---
# datatype:
# - {name: datestart, datatype: string}
# - {name: datestop, datatype: string}
# - {name: q1, datatype: float64}
# - {name: q2, datatype: float64}
# - {name: q3, datatype: float64}
# - {name: q4, datatype: float64}
# - {name: targ_q1, datatype: float64}
# - {name: targ_q2, datatype: float64}
# - {name: targ_q3, datatype: float64}
# - {name: targ_q4, datatype: float64}
# - {name: auto_npnt, datatype: string}
# - {name: pcad_mode, datatype: string}
# - {name: sun_vector_update, datatype: int64}
# meta: !!omap
# - continuity_transitions: []
# - {start: '2023:030:00:00:00.000'}
# - {stop: '2023:060:00:00:00.000'}
# - state_keys: !!python/tuple [q1, q2, q3, q4, targ_q1, targ_q2, targ_q3, targ_q4, auto_npnt, pcad_mode, sun_vector_update]
# schema: astropy-2.0
datestart datestop q1 q2 q3 q4 targ_q1 targ_q2 targ_q3 targ_q4 auto_npnt pcad_mode sun_vector_update
[from data line 1040]
2023:044:02:56:04.878 2023:044:04:32:10.816 -0.823443779 0.180645499 0.438788673 0.311082059 -0.823443779 0.180645499 0.438788673 0.311082059 ENAB NPNT 0
2023:044:04:32:10.816 2023:044:06:53:44.627 -0.823443779 0.180645499 0.438788673 0.311082059 -0.823443779 0.180645499 0.438788673 0.311082059 ENAB NPNT 0
2023:044:06:53:44.627 2023:044:06:53:44.884 -0.823443779 0.180645499 0.438788673 0.311082059 -0.823443779 0.180645499 0.438788673 0.311082059 ENAB NMAN 0
2023:044:06:53:44.884 2023:044:06:53:48.984 -0.823443779 0.180645499 0.438788673 0.311082059 -0.823443779 0.180645499 0.438788673 0.311082059 ENAB NMAN 0
2023:044:06:53:48.984 2023:044:06:53:54.878 -0.823443779 0.180645499 0.438788673 0.311082059 -0.3068323 -0.575920712 0.218575364 0.725530209 ENAB NMAN 0
2023:044:06:53:54.878 2023:044:06:59:03.147 -0.8226332429670613 0.17422295907242916 0.4388914355265787 0.31669420011503513 -0.3068323 -0.575920712 0.218575364 0.725530209 ENAB NMAN 0
2023:044:06:59:03.147 2023:044:07:04:11.417 -0.8098659665862703 0.10335139941199052 0.4379163429531784 0.37638395482130216 -0.3068323 -0.575920712 0.218575364 0.725530209 ENAB NMAN 0
2023:044:07:04:11.417 2023:044:07:09:19.686 -0.7635266329419856 -0.03980850582191081 0.42461043560870343 0.4849209647893444 -0.3068323 -0.575920712 0.218575364 0.725530209 ENAB NMAN 0
2023:044:07:09:19.686 2023:044:07:14:27.955 -0.6836052989031148 -0.19315986407217794 0.3936514963989713 0.5834479943179098 -0.3068323 -0.575920712 0.218575364 0.725530209 ENAB NMAN 0
2023:044:07:14:27.955 2023:044:07:19:36.224 -0.5759500362555988 -0.3386747092222262 0.3467220804896977 0.6583044861147846 -0.3068323 -0.575920712 0.218575364 0.725530209 ENAB NMAN 0
2023:044:07:19:36.224 2023:044:07:24:44.494 -0.4451022780719658 -0.4702977302370197 0.2858090293629125 0.7064114991923786 -0.3068323 -0.575920712 0.218575364 0.725530209 ENAB NMAN 0
2023:044:07:24:44.494 2023:044:07:29:52.763 -0.3391735567227051 -0.553721642770521 0.2345158441223983 0.72343345241334 -0.3068323 -0.575920712 0.218575364 0.725530209 ENAB NMAN 0
2023:044:07:29:52.763 2023:044:07:32:26.897 -0.3068323 -0.575920712 0.218575364 0.725530209 -0.3068323 -0.575920712 0.218575364 0.725530209 ENAB NMAN 0
2023:044:07:32:26.897 2023:044:10:05:30.816 -0.3068323 -0.575920712 0.218575364 0.725530209 -0.3068323 -0.575920712 0.218575364 0.725530209 ENAB NPNT 0
2023:044:10:05:30.816 2023:044:12:52:10.816 -0.3068323 -0.575920712 0.218575364 0.725530209 -0.3068323 -0.575920712 0.218575364 0.725530209 ENAB NPNT 0
2023:044:12:52:10.816 2023:044:13:10:06.646 -0.3068323 -0.575920712 0.218575364 0.725530209 -0.3068323 -0.575920712 0.218575364 0.725530209 ENAB NPNT 0
2023:044:13:10:06.646 2023:044:13:10:06.903 -0.3068323 -0.575920712 0.218575364 0.725530209 -0.3068323 -0.575920712 0.218575364 0.725530209 ENAB NMAN 0
2023:044:13:10:06.903 2023:044:13:10:11.003 -0.3068323 -0.575920712 0.218575364 0.725530209 -0.3068323 -0.575920712 0.218575364 0.725530209 ENAB NMAN 0
2023:044:13:10:11.003 2023:044:13:10:16.897 -0.3068323 -0.575920712 0.218575364 0.725530209 -0.269627774 -0.870719697 -0.403976759 0.0771417615 ENAB NMAN 0
2023:044:13:10:16.897 2023:044:13:15:05.803 -0.3077030709792811 -0.5807506104579888 0.2139721527546292 0.7226779830334777 -0.269627774 -0.870719697 -0.403976759 0.0771417615 ENAB NMAN 0
2023:044:13:15:05.803 2023:044:13:19:54.709 -0.3162987766096469 -0.632509740160016 0.1618604304306105 0.6882497470627653 -0.269627774 -0.870719697 -0.403976759 0.0771417615 ENAB NMAN 0
2023:044:13:19:54.709 2023:044:13:24:43.616 -0.32731529231754325 -0.725394401992139 0.05167449624467858 0.6033219771934385 -0.269627774 -0.870719697 -0.403976759 0.0771417615 ENAB NMAN 0
2023:044:13:24:43.616 2023:044:13:29:32.522 -0.3287019960168689 -0.8055105717006782 -0.07404576213001447 0.48746788874422414 -0.269627774 -0.870719697 -0.403976759 0.0771417615 ENAB NMAN 0
2023:044:13:29:32.522 2023:044:13:34:21.428 -0.3183710399954641 -0.8569116776279948 -0.19712641668448272 0.3542364100926254 -0.269627774 -0.870719697 -0.403976759 0.0771417615 ENAB NMAN 0
2023:044:13:34:21.428 2023:044:13:39:10.334 -0.2969269233406632 -0.877718467993511 -0.3122101559025238 0.20968908517871548 -0.269627774 -0.870719697 -0.403976759 0.0771417615 ENAB NMAN 0
2023:044:13:39:10.334 2023:044:13:43:59.240 -0.27640379408803906 -0.8743328483629813 -0.3842656022025389 0.10715857690509906 -0.269627774 -0.870719697 -0.403976759 0.0771417615 ENAB NMAN 0
2023:044:13:43:59.240 2023:044:13:46:23.693 -0.269627774 -0.870719697 -0.403976759 0.0771417615 -0.269627774 -0.870719697 -0.403976759 0.0771417615 ENAB NMAN 0
2023:044:13:46:23.693 2023:044:15:38:50.816 -0.269627774 -0.870719697 -0.403976759 0.0771417615 -0.269627774 -0.870719697 -0.403976759 0.0771417615 ENAB NPNT 0
2023:044:15:38:50.816 2023:044:17:27:23.442 -0.269627774 -0.870719697 -0.403976759 0.0771417615 -0.269627774 -0.870719697 -0.403976759 0.0771417615 ENAB NPNT 0
2023:044:17:27:23.442 2023:044:17:27:23.699 -0.269627774 -0.870719697 -0.403976759 0.0771417615 -0.269627774 -0.870719697 -0.403976759 0.0771417615 ENAB NMAN 0
2023:044:17:27:23.699 2023:044:17:27:27.799 -0.269627774 -0.870719697 -0.403976759 0.0771417615 -0.269627774 -0.870719697 -0.403976759 0.0771417615 ENAB NMAN 0
2023:044:17:27:27.799 2023:044:17:27:33.693 -0.269627774 -0.870719697 -0.403976759 0.0771417615 0.0391529771 -0.458937853 -0.405409685 0.789611347 ENAB NMAN 0
2023:044:17:27:33.693 2023:044:17:32:07.079 -0.26797067624554605 -0.870093007775157 -0.4052395487502467 0.08313111966896411 0.0391529771 -0.458937853 -0.405409685 0.789611347 ENAB NMAN 0
2023:044:17:32:07.079 2023:044:17:36:40.464 -0.24834491462182545 -0.8604691763803568 -0.4184499152975006 0.1510538602741991 0.0391529771 -0.458937853 -0.405409685 0.789611347 ENAB NMAN 0
2023:044:17:36:40.464 2023:044:17:41:07.000 -0.2030166306577658 -0.8256102012331753 -0.43894708478575917 0.2906501341640866 0.0391529771 -0.458937853 -0.405409685 0.789611347 ENAB NMAN 0
2023:044:17:41:07.000 2023:044:17:46:12.758 -0.1991627104112355 -0.8234009269291739 -0.4401527579433574 0.2976754582160204 0.025703421352776368 -0.6193986961265392 -0.45729767304779856 0.6376232649676511 ENAB STBY 0
2023:044:17:46:12.758 2023:044:17:51:18.516 -0.15610049897156503 -0.7954441804403377 -0.4513069963492818 0.37312623266938916 0.025703421352776368 -0.6193986961265392 -0.45729767304779856 0.6376232649676511 ENAB STBY 0
2023:044:17:51:18.516 2023:044:17:56:24.274 -0.06656845024203495 -0.7198219698806777 -0.46210266108429915 0.5136984564544824 0.025703421352776368 -0.6193986961265392 -0.45729767304779856 0.6376232649676511 ENAB STBY 0
2023:044:17:56:24.274 2023:044:18:01:30.032 0.004854390678031437 -0.6440227648716167 -0.4597529685461419 0.6114231935138768 0.025703421352776368 -0.6193986961265392 -0.45729767304779856 0.6376232649676511 ENAB STBY 0
2023:044:18:01:30.032 2023:045:04:43:21.000 0.025703421352776368 -0.6193986961265392 -0.45729767304779856 0.6376232649676511 0.025703421352776368 -0.6193986961265392 -0.45729767304779856 0.6376232649676511 ENAB STBY 0
2023:045:04:43:21.000 2023:045:04:46:01.000 0.026285775222267133 -0.6195770477503484 -0.45683546489410953 0.6377575545396101 0.02874659140297391 -0.6203266277630549 -0.4548791622026165 0.6383208100948193 ENAB NSUN 0
2023:045:04:46:01.000 2023:049:01:30:00.000 0.02874659140297391 -0.6203266277630549 -0.4548791622026165 0.6383208100948193 0.02874659140297391 -0.6203266277630549 -0.4548791622026165 0.6383208100948193 ENAB NSUN 0
2023:049:01:30:00.000 2023:049:01:30:00.256 0.02874659140297391 -0.6203266277630549 -0.4548791622026165 0.6383208100948193 0.02874659140297391 -0.6203266277630549 -0.4548791622026165 0.6383208100948193 ENAB NMAN 0
2023:049:01:30:00.256 2023:049:01:30:04.356 0.02874659140297391 -0.6203266277630549 -0.4548791622026165 0.6383208100948193 0.02874659140297391 -0.6203266277630549 -0.4548791622026165 0.6383208100948193 ENAB NMAN 0
2023:049:01:30:04.356 2023:049:01:30:10.250 0.02874659140297391 -0.6203266277630549 -0.4548791622026165 0.6383208100948193 -0.58318932 -0.2384594 0.48572736 0.6058847 ENAB NMAN 0
2023:049:01:30:10.250 2023:049:01:35:16.053 0.023539076773962234 -0.6207820469273048 -0.44940071705748796 0.6419614926310024 -0.58318932 -0.2384594 0.48572736 0.6058847 ENAB NMAN 0
2023:049:01:35:16.053 2023:049:01:40:21.857 -0.033512233760727934 -0.6228968967909816 -0.38742142661447465 0.6788085332344981 -0.58318932 -0.2384594 0.48572736 0.6058847 ENAB NMAN 0
2023:049:01:40:21.857 2023:049:01:45:27.660 -0.14626989459067147 -0.6113498815636056 -0.2542018072330919 0.7350087631337896 -0.58318932 -0.2384594 0.48572736 0.6058847 ENAB NMAN 0
2023:049:01:45:27.660 2023:049:01:50:33.463 -0.2632063659767061 -0.5753842260121385 -0.09968879860443108 0.7679306903842218 -0.58318932 -0.2384594 0.48572736 0.6058847 ENAB NMAN 0
2023:049:01:50:33.463 2023:049:01:55:39.267 -0.36963411531245716 -0.5164459007805837 0.05880436404585897 0.7701923782852598 -0.58318932 -0.2384594 0.48572736 0.6058847 ENAB NMAN 0
2023:049:01:55:39.267 2023:049:02:00:45.070 -0.46130393064571207 -0.43688806505515376 0.21494971601608254 0.7417035271611017 -0.58318932 -0.2384594 0.48572736 0.6058847 ENAB NMAN 0
2023:049:02:00:45.070 2023:049:02:05:50.873 -0.534447684449853 -0.34006639569099933 0.36227059938418205 0.6837254802661537 -0.58318932 -0.2384594 0.48572736 0.6058847 ENAB NMAN 0
2023:049:02:05:50.873 2023:049:02:10:56.677 -0.5738779265243835 -0.26221525345302976 0.4591802015627372 0.6253485661875908 -0.58318932 -0.2384594 0.48572736 0.6058847 ENAB NMAN 0
2023:049:02:10:56.677 2023:049:02:13:29.579 -0.58318932 -0.2384594 0.48572736 0.6058847 -0.58318932 -0.2384594 0.48572736 0.6058847 ENAB NMAN 0
2023:049:02:13:29.579 2023:049:02:57:36.000 -0.58318932 -0.2384594 0.48572736 0.6058847 -0.58318932 -0.2384594 0.48572736 0.6058847 ENAB NPNT 0
2023:049:02:57:36.000 2023:049:02:57:36.256 -0.58318932 -0.2384594 0.48572736 0.6058847 -0.58318932 -0.2384594 0.48572736 0.6058847 ENAB NMAN 0
2023:049:02:57:36.256 2023:049:02:57:40.356 -0.58318932 -0.2384594 0.48572736 0.6058847 -0.58318932 -0.2384594 0.48572736 0.6058847 ENAB NMAN 0
2023:049:02:57:40.356 2023:049:02:57:46.250 -0.58318932 -0.2384594 0.48572736 0.6058847 -0.533254 -0.33571034 0.37467584 0.68011525 ENAB NMAN 0
2023:049:02:57:46.250 2023:049:03:01:51.488 -0.5820210037529967 -0.2412950948087721 0.4827983493085769 0.6082219896333703 -0.533254 -0.33571034 0.37467584 0.68011525 ENAB NMAN 0
2023:049:03:01:51.488 2023:049:03:05:56.726 -0.5670908841361068 -0.2745615520274067 0.4471220492010393 0.6349061054623557 -0.533254 -0.33571034 0.37467584 0.68011525 ENAB NMAN 0
2023:049:03:05:56.726 2023:049:03:10:01.963 -0.5416401734944093 -0.32196078250084315 0.3918012342332917 0.6704170166387056 -0.533254 -0.33571034 0.37467584 0.68011525 ENAB NMAN 0
2023:049:03:10:01.963 2023:049:03:12:04.582 -0.533254 -0.33571034 0.37467584 0.68011525 -0.533254 -0.33571034 0.37467584 0.68011525 ENAB NMAN 0
2023:049:03:12:04.582 2023:049:03:41:38.000 -0.533254 -0.33571034 0.37467584 0.68011525 -0.533254 -0.33571034 0.37467584 0.68011525 ENAB NPNT 0
2023:049:03:41:38.000 2023:049:03:41:38.256 -0.533254 -0.33571034 0.37467584 0.68011525 -0.533254 -0.33571034 0.37467584 0.68011525 ENAB NMAN 0
2023:049:03:41:38.256 2023:049:03:41:42.356 -0.533254 -0.33571034 0.37467584 0.68011525 -0.533254 -0.33571034 0.37467584 0.68011525 ENAB NMAN 0
2023:049:03:41:42.356 2023:049:03:41:48.250 -0.533254 -0.33571034 0.37467584 0.68011525 -0.22986132 -0.53011098 0.71744651 0.3891229 ENAB NMAN 0
2023:049:03:41:48.250 2023:049:03:46:30.618 -0.5305519609731861 -0.33883296034524507 0.37973549036664317 0.6778700452950942 -0.22986132 -0.53011098 0.71744651 0.3891229 ENAB NMAN 0
2023:049:03:46:30.618 2023:049:03:51:12.987 -0.49842399925320746 -0.3728317966560662 0.43538113336701845 0.6503946773612792 -0.22986132 -0.53011098 0.71744651 0.3891229 ENAB NMAN 0
2023:049:03:51:12.987 2023:049:03:55:55.355 -0.4223455516738342 -0.4360138066932868 0.5421554066368137 0.5810195432769955 -0.22986132 -0.53011098 0.71744651 0.3891229 ENAB NMAN 0
2023:049:03:55:55.355 2023:049:04:00:37.724 -0.32331424810877507 -0.4936801350308247 0.6456902122037123 0.4845946454216274 -0.22986132 -0.53011098 0.71744651 0.3891229 ENAB NMAN 0
2023:049:04:00:37.724 2023:049:04:05:20.092 -0.25132100482050335 -0.5230593891178879 0.7028645695293899 0.4113733391374355 -0.22986132 -0.53011098 0.71744651 0.3891229 ENAB NMAN 0
2023:049:04:05:20.092 2023:049:04:07:41.277 -0.22986132 -0.53011098 0.71744651 0.3891229 -0.22986132 -0.53011098 0.71744651 0.3891229 ENAB NMAN 0
2023:049:04:07:41.277 2023:049:06:45:30.816 -0.22986132 -0.53011098 0.71744651 0.3891229 -0.22986132 -0.53011098 0.71744651 0.3891229 ENAB NPNT 0
2023:049:06:45:30.816 2023:049:09:32:10.816 -0.22986132 -0.53011098 0.71744651 0.3891229 -0.22986132 -0.53011098 0.71744651 0.3891229 ENAB NPNT 0
2023:049:09:32:10.816 2023:049:12:18:50.816 -0.22986132 -0.53011098 0.71744651 0.3891229 -0.22986132 -0.53011098 0.71744651 0.3891229 ENAB NPNT 0
2023:049:12:18:50.816 2023:049:15:05:30.816 -0.22986132 -0.53011098 0.71744651 0.3891229 -0.22986132 -0.53011098 0.71744651 0.3891229 ENAB NPNT 0
2023:049:15:05:30.816 2023:049:17:52:10.816 -0.22986132 -0.53011098 0.71744651 0.3891229 -0.22986132 -0.53011098 0.71744651 0.3891229 ENAB NPNT 0
2023:049:17:52:10.816 2023:049:20:38:50.816 -0.22986132 -0.53011098 0.71744651 0.3891229 -0.22986132 -0.53011098 0.71744651 0.3891229 ENAB NPNT 0
2023:049:20:38:50.816 2023:049:23:25:30.816 -0.22986132 -0.53011098 0.71744651 0.3891229 -0.22986132 -0.53011098 0.71744651 0.3891229 ENAB NPNT 0
2023:049:23:25:30.816 2023:050:02:12:10.816 -0.22986132 -0.53011098 0.71744651 0.3891229 -0.22986132 -0.53011098 0.71744651 0.3891229 ENAB NPNT 0
2023:050:02:12:10.816 2023:050:04:58:50.816 -0.22986132 -0.53011098 0.71744651 0.3891229 -0.22986132 -0.53011098 0.71744651 0.3891229 ENAB NPNT 0
2023:050:04:58:50.816 2023:050:07:45:30.816 -0.22986132 -0.53011098 0.71744651 0.3891229 -0.22986132 -0.53011098 0.71744651 0.3891229 ENAB NPNT 0
2023:050:07:45:30.816 2023:050:10:32:10.816 -0.22986132 -0.53011098 0.71744651 0.3891229 -0.22986132 -0.53011098 0.71744651 0.3891229 ENAB NPNT 0
2023:050:10:32:10.816 2023:050:13:18:50.816 -0.22986132 -0.53011098 0.71744651 0.3891229 -0.22986132 -0.53011098 0.71744651 0.3891229 ENAB NPNT 0
2023:050:13:18:50.816 2023:050:16:05:30.816 -0.22986132 -0.53011098 0.71744651 0.3891229 -0.22986132 -0.53011098 0.71744651 0.3891229 ENAB NPNT 0
2023:050:16:05:30.816 2023:050:18:52:10.816 -0.22986132 -0.53011098 0.71744651 0.3891229 -0.22986132 -0.53011098 0.71744651 0.3891229 ENAB NPNT 0
2023:050:18:52:10.816 2023:050:21:38:50.816 -0.22986132 -0.53011098 0.71744651 0.3891229 -0.22986132 -0.53011098 0.71744651 0.3891229 ENAB NPNT 0
2023:050:21:38:50.816 2023:051:00:25:30.816 -0.22986132 -0.53011098 0.71744651 0.3891229 -0.22986132 -0.53011098 0.71744651 0.3891229 ENAB NPNT 0
2023:051:00:25:30.816 2023:051:03:12:10.816 -0.22986132 -0.53011098 0.71744651 0.3891229 -0.22986132 -0.53011098 0.71744651 0.3891229 ENAB NPNT 0
2023:051:03:12:10.816 2023:051:05:58:50.816 -0.22986132 -0.53011098 0.71744651 0.3891229 -0.22986132 -0.53011098 0.71744651 0.3891229 ENAB NPNT 0
2023:051:05:58:50.816 2023:051:07:30:00.000 -0.22986132 -0.53011098 0.71744651 0.3891229 -0.22986132 -0.53011098 0.71744651 0.3891229 ENAB NPNT 0
2023:051:07:30:00.000 2023:051:07:30:00.257 -0.22986132 -0.53011098 0.71744651 0.3891229 -0.22986132 -0.53011098 0.71744651 0.3891229 ENAB NMAN 0
2023:051:07:30:00.257 2023:051:07:30:04.357 -0.22986132 -0.53011098 0.71744651 0.3891229 -0.22986132 -0.53011098 0.71744651 0.3891229 ENAB NMAN 0
2023:051:07:30:04.357 2023:051:07:30:10.251 -0.22986132 -0.53011098 0.71744651 0.3891229 -0.684004171 -0.0864047846 0.28452964 0.666119653 ENAB NMAN 0
2023:051:07:30:10.251 2023:051:07:35:09.585 -0.2355309315032165 -0.5272403964412854 0.7153537675634748 0.3934612248528416 -0.684004171 -0.0864047846 0.28452964 0.666119653 ENAB NMAN 0
