kadi/commands/tests/data/regression/ra-dec-roll-2023030-2023060.ecsv
# %ECSV 1.0
# ---
# datatype:
# - {name: datestart, datatype: string}
# - {name: datestop, datatype: string}
# - {name: ra, datatype: float64}
# - {name: dec, datatype: float64}
# - {name: roll, datatype: float64}
# meta: !!omap
# - continuity_transitions: []
# - {start: '2023:030:00:00:00.000'}
# - {stop: '2023:060:00:00:00.000'}
# - state_keys: !!python/tuple [ra, dec, roll]
# schema: astropy-2.0
datestart datestop ra dec roll
[from data line 482]
2023:042:07:14:04.850 2023:042:12:20:54.661 141.36746343228805 -0.7196270459306231 348.8669574269601
2023:042:12:20:54.661 2023:042:12:25:31.229 141.59936652168176 -1.403136165404494 349.08086671140904
2023:042:12:25:31.229 2023:042:12:30:07.796 144.43087756563136 -9.08822002194986 351.72171820383693
2023:042:12:30:07.796 2023:042:12:34:44.364 151.99512198833438 -24.613303709338798 358.94783964647763
2023:042:12:34:44.364 2023:042:12:39:20.932 165.6719493657368 -40.935388166487726 12.296142715868585
2023:042:12:39:20.932 2023:042:12:43:57.499 189.21756602106652 -52.94126948604922 35.550166173710444
2023:042:12:43:57.499 2023:042:12:48:34.067 222.7380260100523 -55.78929132644798 68.79821552039746
2023:042:12:48:34.067 2023:042:12:53:10.635 243.24528911745205 -51.6291354095525 89.1261811599115
2023:042:12:53:10.635 2023:042:15:46:38.918 248.1882762701568 -49.72060512770475 94.01667455398047
2023:042:15:46:38.918 2023:042:15:51:13.576 247.3086389247208 -50.1522116118932 93.14624558088134
2023:042:15:51:13.576 2023:042:15:55:48.234 235.99691749898633 -54.372865153435626 81.93768500335898
2023:042:15:55:48.234 2023:042:16:00:22.893 205.95036694912886 -57.64010802614742 52.1022101584818
2023:042:16:00:22.893 2023:042:16:04:57.551 173.89363465190678 -50.5876562276154 20.29480844340434
2023:042:16:04:57.551 2023:042:16:09:32.209 154.71827149361073 -36.28712841175537 1.3878500238596074
2023:042:16:09:32.209 2023:042:16:14:06.867 143.82295885709667 -19.37072267361189 350.79587324794534
2023:042:16:14:06.867 2023:042:16:18:41.525 138.92091038345623 -7.663482310015761 346.12822089031016
2023:042:16:18:41.525 2023:042:20:35:29.855 137.7169611957962 -4.243649623512369 344.99925041969846
2023:042:20:35:29.855 2023:042:20:40:04.325 138.01775416774103 -4.880005975504628 345.2445128350766
2023:042:20:40:04.325 2023:042:20:44:38.795 141.67232996884636 -12.018091385386844 348.30415240362635
2023:042:20:44:38.795 2023:042:20:49:13.264 151.22373034963047 -26.174279611579813 356.77628567264134
2023:042:20:49:13.264 2023:042:20:53:47.734 167.66213453964681 -40.26962240642884 12.134150915178838
2023:042:20:53:47.734 2023:042:20:58:22.204 192.56502116854037 -48.9821609734328 36.057751758288966
2023:042:20:58:22.204 2023:042:21:02:56.674 221.9898686882903 -48.83970956862634 64.55311862235537
2023:042:21:02:56.674 2023:042:21:07:31.143 238.72365389208085 -43.97235710928483 80.67052859996059
2023:042:21:07:31.143 2023:042:22:45:58.378 242.8422725630292 -42.03431057707749 84.60773936559588
2023:042:22:45:58.378 2023:042:22:50:43.205 243.63876119081982 -41.49628909590892 85.03168169403703
2023:042:22:50:43.205 2023:042:22:55:28.032 251.179407683126 -35.759430518554176 88.65444068952601
2023:042:22:55:28.032 2023:043:00:34:00.446 254.5356081018794 -32.818167875302684 90.00845733331289
2023:043:00:34:00.446 2023:043:00:38:26.122 253.98972943932145 -32.317861399855765 89.7238927871151
2023:043:00:38:26.122 2023:043:00:42:51.797 248.09319228513664 -26.411282300365798 86.93374614050921
2023:043:00:42:51.797 2023:043:00:47:17.473 237.29420645095996 -13.311133296183247 83.45888010982752
2023:043:00:47:17.473 2023:043:00:51:43.149 225.63192133522924 2.906070282633244 82.66203523345865
2023:043:00:51:43.149 2023:043:00:56:08.824 213.9523986819785 18.448068007055454 85.11950346996986
2023:043:00:56:08.824 2023:043:01:00:34.500 205.4739244902836 27.893656405637806 88.63993256973176
2023:043:01:00:34.500 2023:043:10:46:14.583 202.79664615184498 30.485611571510518 89.9938587700007
2023:043:10:46:14.583 2023:043:10:50:41.111 203.44248130148063 30.885844103172598 89.69360066442123
2023:043:10:50:41.111 2023:043:10:55:07.638 211.26241186447183 35.2570844279537 85.7565058859377
2023:043:10:55:07.638 2023:043:10:59:34.166 230.52603280410057 42.62260469148896 74.27313775379724
2023:043:10:59:34.166 2023:043:11:04:00.694 258.1772844387849 46.4711196021198 55.53732099878462
2023:043:11:04:00.694 2023:043:11:08:27.222 285.48722273046496 43.75180082246948 36.8376982398313
2023:043:11:08:27.222 2023:043:11:12:53.749 300.7206721141216 39.10247613947339 27.245939853267036
2023:043:11:12:53.749 2023:043:11:52:57.013 304.67221196707885 37.45447506145386 24.947712673199554
2023:043:11:52:57.013 2023:043:11:57:48.799 304.7753804380128 38.307137664962355 24.93771300586758
2023:043:11:57:48.799 2023:043:12:02:40.586 306.0460460835325 47.79186809498245 24.662240687574343
2023:043:12:02:40.586 2023:043:12:07:32.372 310.45534918542404 67.1744943614591 22.11724309152484
2023:043:12:07:32.372 2023:043:12:12:24.159 18.13011698816134 86.95404641349744 316.38733688146436
2023:043:12:12:24.159 2023:043:12:17:15.945 117.19828989460662 68.99211475015335 219.24462564337816
2023:043:12:17:15.945 2023:043:12:22:07.732 121.26776988638481 54.270159009332716 216.56331866179593
2023:043:12:22:07.732 2023:043:15:46:10.251 122.00000003054718 49.99999995786936 216.252399966851
2023:043:15:46:10.251 2023:043:15:48:50.251 122.000000025541 49.999999953730885 216.27959081580028
2023:043:15:48:50.251 2023:043:16:21:40.251 122.00000000441649 50.000000044003215 216.3945105742191
2023:043:16:21:40.251 2023:043:16:24:20.251 121.99999999712955 50.000000045691806 216.4005677172612
2023:043:16:24:20.251 2023:043:17:03:30.251 121.99999996604409 50.000000000173145 216.4264044328987
2023:043:17:03:30.251 2023:043:17:08:07.282 120.945352334125 50.33158346669694 217.293509321485
2023:043:17:08:07.282 2023:043:17:12:44.313 107.98653539520814 53.30468880292271 228.14966442359005
2023:043:17:12:44.313 2023:043:17:17:21.343 77.71782490687917 53.91020288011457 254.0821389387135
2023:043:17:17:21.343 2023:043:17:21:58.374 48.134516770919134 45.476101362217584 278.50552689197923
2023:043:17:21:58.374 2023:043:17:26:35.405 28.92566553148419 31.619346065916076 292.19575795863943
2023:043:17:26:35.405 2023:043:17:31:12.436 19.738058428496576 21.13938163248215 297.3190108046447
2023:043:17:31:12.436 2023:043:18:28:00.951 17.403322011319155 18.013955999093636 298.39241589246905
2023:043:18:28:00.951 2023:043:18:32:32.567 18.128434241978667 18.20804121286563 298.22645169755936
2023:043:18:32:32.567 2023:043:18:37:04.183 26.507936396807835 20.272861159257705 296.14018614521285
2023:043:18:37:04.183 2023:043:18:41:35.799 44.719585126598965 23.540654673526493 290.7316584637513
2023:043:18:41:35.799 2023:043:18:46:07.415 66.95652166506343 25.11002113944215 283.1778521232157
2023:043:18:46:07.415 2023:043:18:50:39.031 89.25991761532867 23.949854208724865 275.5232224726725
2023:043:18:50:39.031 2023:043:18:55:10.647 110.32702012763127 20.383595075047985 269.1546730942049
2023:043:18:55:10.647 2023:043:18:59:42.262 123.35279292983252 17.06460685984416 266.01994096011776
2023:043:18:59:42.262 2023:043:19:23:08.071 126.99999997402526 16.000000005474796 265.2852849306069
2023:043:19:23:08.071 2023:043:19:28:02.093 126.16846890499708 15.668044332088275 265.6327608889898
2023:043:19:28:02.093 2023:043:19:32:56.115 117.16556773671967 11.682229073698089 269.10783365308623
2023:043:19:32:56.115 2023:043:19:37:50.136 99.84324546114976 2.215385636390756 273.9840559503575
2023:043:19:37:50.136 2023:043:19:42:44.158 81.31897827472409 -9.461547769562673 275.875198831324
2023:043:19:42:44.158 2023:043:19:47:38.180 62.130024439102755 -21.12312637394479 273.8214076197631
2023:043:19:47:38.180 2023:043:19:52:32.202 40.691072703252864 -31.322116239057664 267.28047413984984
2023:043:19:52:32.202 2023:043:19:57:26.223 23.794375754484175 -36.644002124909534 259.87364950885626
2023:043:19:57:26.223 2023:043:21:11:24.320 18.553195031377925 -37.815182977141305 257.30475155847836
2023:043:21:11:24.320 2023:043:21:16:18.542 19.491078532368668 -38.27579820394641 257.9806019298017
2023:043:21:16:18.542 2023:043:21:21:12.763 30.77217282961918 -42.736148658839404 266.4151258230637
2023:043:21:21:12.763 2023:043:21:26:06.985 58.05821738992743 -47.0445380937699 288.10557002457085
2023:043:21:26:06.985 2023:043:21:31:01.207 88.6748282899385 -42.84333745335022 312.5026962235672
2023:043:21:31:01.207 2023:043:21:35:55.428 112.16121731187523 -31.248198147899902 329.3470512667386
2023:043:21:35:55.428 2023:043:21:40:49.650 129.10311401744278 -15.864136122885846 338.70169751119386
2023:043:21:40:49.650 2023:043:21:45:43.872 138.73415912006297 -4.185858480219168 342.09019610997984
2023:043:21:45:43.872 2023:044:02:19:20.983 141.3689480245185 -0.716627473144483 342.6926112459791
2023:044:02:19:20.983 2023:044:02:24:14.836 141.0874817139826 -1.5429857711453177 342.66516405261837
2023:044:02:24:14.836 2023:044:02:29:08.688 137.9004240796464 -10.699977190754522 342.08052601526805
2023:044:02:29:08.688 2023:044:02:34:02.541 130.40956410553986 -29.196612447277516 338.98690571118374
2023:044:02:34:02.541 2023:044:02:38:56.394 117.63351886701142 -48.947871649455294 330.233455920305
2023:044:02:38:56.394 2023:044:02:43:50.246 89.55041087029252 -65.37161967399177 305.7013732284812
2023:044:02:43:50.246 2023:044:02:48:44.099 32.076217463696494 -68.46713676663427 251.59248656254817
2023:044:02:48:44.099 2023:044:02:53:37.951 2.8869936986591886 -59.92392435590696 224.75531556605887
2023:044:02:53:37.951 2023:044:06:53:54.878 357.4474169375904 -56.61862407541624 220.01618210284983
2023:044:06:53:54.878 2023:044:06:59:03.147 359.1050790216017 -56.35063826995627 221.6316704015831
2023:044:06:59:03.147 2023:044:07:04:11.417 15.250550703580808 -51.91594439965882 237.31109826501594
2023:044:07:04:11.417 2023:044:07:09:19.686 36.60460327762364 -37.574666737489025 257.67957415734156
2023:044:07:09:19.686 2023:044:07:14:27.955 49.61105494723023 -18.228476674419298 269.44176979127406
2023:044:07:14:27.955 2023:044:07:19:36.224 57.9444712597757 2.6659588116464534 276.1584337746864
2023:044:07:19:36.224 2023:044:07:24:44.494 64.38808718752652 24.2060251685695 280.193176561415
2023:044:07:24:44.494 2023:044:07:29:52.763 68.83576186443483 39.94697373716659 281.7948565424044
2023:044:07:29:52.763 2023:044:13:10:16.897 70.22619930342023 44.55260178590844 282.01473799894154
2023:044:13:10:16.897 2023:044:13:15:05.803 70.66731088431287 45.04902711484993 281.106450170532
2023:044:13:15:05.803 2023:044:13:19:54.709 76.68152954235498 50.197610296561564 269.97968471086085
2023:044:13:19:54.709 2023:044:13:24:43.616 96.13400839326326 57.295151655094294 240.42655993400808
2023:044:13:24:43.616 2023:044:13:29:32.522 124.01459982945941 56.511756380994825 201.38299159772941
2023:044:13:29:32.522 2023:044:13:34:21.428 143.3834255882543 47.106264135607475 170.50473708468357
2023:044:13:34:21.428 2023:044:13:39:10.334 152.05418827042695 33.60767842771844 149.43301016862114
2023:044:13:39:10.334 2023:044:13:43:59.240 154.05750977149918 23.56626796439307 138.05128526070808
2023:044:13:43:59.240 2023:044:17:27:33.693 154.20901908404076 20.62098178454278 134.99142621342037
2023:044:17:27:33.693 2023:044:17:32:07.079 154.66301465601944 21.21374646159745 134.87403177796327
2023:044:17:32:07.079 2023:044:17:36:40.464 160.0910955030693 27.891208192023868 133.12325399305342
2023:044:17:36:40.464 2023:044:17:41:07.000 173.89535068840033 41.1592795359374 126.29804927046312
2023:044:17:41:07.000 2023:044:17:46:12.758 174.93170981681595 41.72349960522804 125.6787188015115
2023:044:17:46:12.758 2023:044:17:51:18.516 187.48930227034612 47.26504064890542 117.5810655213795
2023:044:17:51:18.516 2023:044:17:56:24.274 219.2754126785584 53.23199825452129 94.32587588560061
2023:044:17:56:24.274 2023:044:18:01:30.032 246.06888154554474 51.543197310221124 74.09613981334384
2023:044:18:01:30.032 2023:045:04:43:21.000 253.2111198105692 50.02972416827635 68.88940801719605
2023:045:04:43:21.000 2023:045:04:46:01.000 253.25233401306832 50.019515371949346 68.94213221866424
2023:045:04:46:01.000 2023:049:01:30:10.250 253.42656743412402 49.976642767865364 69.16494430761692
2023:049:01:30:10.250 2023:049:01:35:16.053 253.92740254089176 50.88482862421396 68.79912773072434
2023:049:01:35:16.053 2023:049:01:40:21.857 261.05786267435315 60.647697101356755 63.102741251798044
2023:049:01:40:21.857 2023:049:01:45:27.660 302.3198972726243 76.6702231760161 24.550092548734018
2023:049:01:45:27.660 2023:049:01:50:33.463 25.221613579272386 69.42090791771753 304.54332409508436
2023:049:01:50:33.463 2023:049:01:55:39.267 45.78203257329118 48.76854635421767 287.05505913151876
2023:049:01:55:39.267 2023:049:02:00:45.070 53.93071940797882 26.728834679837956 282.456834220058
2023:049:02:00:45.070 2023:049:02:05:50.873 59.484691083192345 4.461819288926671 281.4224384128615
2023:049:02:05:50.873 2023:049:02:10:56.677 63.26937762415671 -11.482866829342024 282.0038484458352
2023:049:02:10:56.677 2023:049:02:57:46.250 64.44583676278343 -16.11607579379119 282.3852325917767
2023:049:02:57:46.250 2023:049:03:01:51.488 64.32462356446771 -15.573575959017287 282.351578096117
2023:049:03:01:51.488 2023:049:03:05:56.726 62.925578924224716 -9.118452646496653 282.04529873994846
2023:049:03:05:56.726 2023:049:03:10:01.963 60.943037236206436 0.41628028056220495 281.88451924953677
2023:049:03:10:01.963 2023:049:03:41:48.250 60.354069134931756 3.2704232069461163 281.9005346856793
2023:049:03:41:48.250 2023:049:03:46:30.618 61.13446864027027 3.234954258233729 281.9902196763142
2023:049:03:46:30.618 2023:049:03:51:12.987 69.92037968794435 2.921449460666153 283.0283367569941
2023:049:03:51:12.987 2023:049:03:55:55.355 88.16869351078611 2.7920531971026072 285.2686359624455
2023:049:03:55:55.355 2023:049:04:00:37.724 108.77606588461296 3.494217800280988 287.7016746363743
2023:049:04:00:37.724 2023:049:04:05:20.092 122.46712078245338 4.419371009576141 289.11509818551485
2023:049:04:05:20.092 2023:051:07:30:10.251 126.40783276714723 4.745517414448178 289.47741562510765
2023:051:07:30:10.251 2023:051:07:35:09.585 125.53456680410154 4.469099183142826 289.5178992932692
2023:051:07:35:09.585 2023:051:07:40:08.919 115.92872024566405 1.3962262218377046 289.68269233696407
2023:051:07:40:08.919 2023:051:07:45:08.253 96.46642824533879 -4.682043875873677 288.44971062125353
2023:051:07:45:08.253 2023:051:07:50:07.587 74.58263049503014 -10.461812831210217 284.78915441749797
2023:051:07:50:07.587 2023:051:07:55:06.921 52.037657758421844 -14.42755019462664 279.1316405534278
2023:051:07:55:06.921 2023:051:08:00:06.254 35.86354113165733 -15.768550663046895 274.3800483251023
2023:051:08:00:06.254 2023:051:09:49:04.111 31.136000010497135 -15.910000044843759 272.94116913591847
2023:051:09:49:04.111 2023:051:09:53:56.930 32.03500302880349 -15.867611119806309 273.1884558076193
2023:051:09:53:56.930 2023:051:09:58:49.748 41.99135281066411 -15.149335465141316 275.8698112134722
2023:051:09:58:49.748 2023:051:10:03:42.567 62.04571579481471 -12.371330136917598 280.7144752646956
2023:051:10:03:42.567 2023:051:10:08:35.386 83.82401334192511 -7.603133791157922 284.56930129243636
2023:051:10:08:35.386 2023:051:10:13:28.204 105.07947953648939 -1.7756344665137658 286.35917408927446
2023:051:10:13:28.204 2023:051:10:18:21.023 126.06129135329539 4.264265929346759 285.92735470839995
2023:051:10:18:21.023 2023:051:10:23:13.841 140.61994018617725 8.133836876236318 284.3661536711894
2023:051:10:23:13.841 2023:051:11:20:10.251 144.87922400535743 9.167852050345653 283.73100495240044
2023:051:11:20:10.251 2023:051:11:24:41.574 144.89386864678272 9.053912009479504 284.435940786082
2023:051:11:24:41.574 2023:051:11:29:12.896 145.1604294787683 7.76985208418785 292.475999865268
2023:051:11:29:12.896 2023:051:11:33:44.219 146.28908142981427 5.258302743335187 309.3504501287524
2023:051:11:33:44.219 2023:051:11:38:15.542 148.42265316235768 2.912860768788116 328.80023463284675
2023:051:11:38:15.542 2023:051:11:42:46.865 150.16287596461882 1.835717015906951 341.34968261461773
2023:051:11:42:46.865 2023:051:13:16:59.576 150.70000001153878 1.5999999915546659 344.94484270792645
2023:051:13:16:59.576 2023:051:13:21:21.948 150.43152544703415 1.0372820128172644 344.738544201577
