kadi/commands/tests/data/regression/ra-dec-roll-2023030-2023060.ecsv
# %ECSV 1.0
# ---
# datatype:
# - {name: datestart, datatype: string}
# - {name: datestop, datatype: string}
# - {name: ra, datatype: float64}
# - {name: dec, datatype: float64}
# - {name: roll, datatype: float64}
# meta: !!omap
# - continuity_transitions: []
# - {start: '2023:030:00:00:00.000'}
# - {stop: '2023:060:00:00:00.000'}
# - state_keys: !!python/tuple [ra, dec, roll]
# schema: astropy-2.0
datestart datestop ra dec roll
[from data line 642]
2023:051:13:25:44.320 2023:051:13:30:06.692 139.33714383167003 -17.952286908151386 335.5159276774574
2023:051:13:30:06.692 2023:051:13:34:29.065 131.7971164182402 -26.83385541117585 328.7724834063062
2023:051:13:34:29.065 2023:051:14:06:08.427 129.32999995117066 -29.195000036318973 326.51831432627034
2023:051:14:06:08.427 2023:051:14:10:33.157 128.87624201910396 -29.740165029585995 326.2717808806926
2023:051:14:10:33.157 2023:051:14:14:57.886 123.76936129857488 -35.34619405520324 323.2750580260353
2023:051:14:14:57.886 2023:051:14:40:30.251 121.00000001097396 -37.999999993616754 321.5005572650879
2023:051:14:40:30.251 2023:051:14:46:15.679 122.05435207432518 -37.016026716291485 322.17102276662763
2023:051:14:46:15.679 2023:051:15:09:19.393 126.00000004631028 -33.00000000534325 324.5502659642406
2023:051:15:09:19.393 2023:051:15:14:22.065 125.34490689166859 -33.763100038101136 324.1892841128123
2023:051:15:14:22.065 2023:051:15:19:24.738 117.25383524414984 -41.874259736733045 319.2046731560613
2023:051:15:19:24.738 2023:051:15:24:27.410 93.14845652877995 -55.47353740230113 300.8469382210384
2023:051:15:24:27.410 2023:051:15:29:30.083 50.62875708235025 -60.716428832459016 264.2417401178994
2023:051:15:29:30.083 2023:051:15:34:32.755 21.54524252909506 -55.554282473359784 239.3601178311187
2023:051:15:34:32.755 2023:051:17:38:14.091 14.86999999225887 -52.984999950312805 233.93523647711413
2023:051:17:38:14.091 2023:051:17:43:13.247 16.004430364074004 -53.59513059529727 234.82316024760655
2023:051:17:43:13.247 2023:051:17:48:12.404 30.89646412514413 -59.471813610531434 247.0455082625815
2023:051:17:48:12.404 2023:051:17:53:11.560 73.3756094421845 -63.48614152645217 284.2933160734769
2023:051:17:53:11.560 2023:051:17:58:10.717 103.41144797513641 -57.71396116147108 310.2650918435981
2023:051:17:58:10.717 2023:051:20:09:10.841 110.00000003579407 -55.00000002131311 315.6460997058441
2023:051:20:09:10.841 2023:051:20:13:57.377 111.14075072881973 -54.522096317720774 316.6864192364253
2023:051:20:13:57.377 2023:051:20:18:43.912 122.11663421909226 -48.473119814111975 326.51651928124807
2023:051:20:18:43.912 2023:051:20:23:30.448 137.0199587659797 -33.692868388650325 338.9144632380753
2023:051:20:23:30.448 2023:051:20:28:16.983 144.64910918214983 -21.204783748919564 344.36090918344485
2023:051:20:28:16.983 2023:053:00:21:50.251 146.50000001594145 -17.49999997624263 345.52161895928623
2023:053:00:21:50.251 2023:053:00:26:35.344 146.8906819286566 -17.60160541027946 346.35196024739923
2023:053:00:26:35.344 2023:053:00:31:20.436 151.369326088622 -18.36480292096781 355.7317411894772
2023:053:00:31:20.436 2023:053:00:36:05.529 160.73287781722104 -17.698084055452984 15.20218909176135
2023:053:00:36:05.529 2023:053:00:40:50.621 170.2945027570084 -13.447015393875564 36.62511716678648
2023:053:00:40:50.621 2023:053:00:45:35.714 177.50726473262 -6.207412425662621 56.70893605175316
2023:053:00:45:35.714 2023:053:00:50:20.806 181.79030663529758 2.9879416427905 75.67841556089348
2023:053:00:50:20.806 2023:053:00:55:05.899 182.88936140919762 13.07079499718473 94.37301590957986
2023:053:00:55:05.899 2023:053:00:59:50.991 180.49809057868848 22.954652178402952 113.96403864628508
2023:053:00:59:50.991 2023:053:01:04:36.084 174.28222355734687 31.324445460508212 135.4432088086044
2023:053:01:04:36.084 2023:053:01:09:21.176 167.90236537912216 35.455030732622674 151.4323095873592
2023:053:01:09:21.176 2023:054:01:08:06.782 165.7679999687973 36.3490000132818 156.2766316147661
2023:054:01:08:06.782 2023:054:01:13:07.147 165.26328272804 36.51575086869688 157.3865846825659
2023:054:01:13:07.147 2023:054:01:18:07.512 159.42209169565726 37.81126912085741 169.84783298279578
2023:054:01:18:07.512 2023:054:01:23:07.877 147.17681336143264 37.22158768240027 195.38741168266554
2023:054:01:23:07.877 2023:054:01:28:08.243 135.87217233919674 31.96263617407924 221.6910504371182
2023:054:01:28:08.243 2023:054:01:33:08.608 128.81230193282326 23.299624422617867 244.84264409513827
2023:054:01:33:08.608 2023:054:01:38:08.973 126.10576338697716 12.934807178830182 265.55261822381067
2023:054:01:38:08.973 2023:054:01:43:09.338 127.27703094625431 2.3197788998997857 285.26122987743344
2023:054:01:43:09.338 2023:054:01:48:09.703 131.959723308548 -7.243851832735145 305.2638246832701
2023:054:01:48:09.703 2023:054:01:53:10.068 137.20331650628478 -12.689378757028475 320.07584125017746
2023:054:01:53:10.068 2023:054:04:12:15.198 139.00000003474312 -13.999999962381441 324.52443462414317
2023:054:04:12:15.198 2023:054:04:17:37.219 138.4335867355478 -14.936700114135196 324.4975534198993
2023:054:04:17:37.219 2023:054:04:22:59.240 132.61126767384303 -24.16826595273845 323.6782164563019
2023:054:04:22:59.240 2023:054:05:37:45.381 129.50000004405385 -28.700000047726892 322.8539701808608
2023:054:05:37:45.381 2023:054:05:42:09.630 129.93599990694105 -29.00516039653357 323.52342400823505
2023:054:05:42:09.630 2023:054:05:46:33.878 135.34911987978498 -32.18225574548662 331.5820246102559
2023:054:05:46:33.878 2023:054:05:50:58.127 144.50733351877406 -35.538981818961005 344.5163334376641
2023:054:05:50:58.127 2023:054:06:13:10.251 147.49999999582585 -36.19999997569786 348.6310715305223
2023:054:06:13:10.251 2023:054:06:17:10.457 147.25681176960316 -35.794477090703545 348.2166864712198
2023:054:06:17:10.457 2023:054:06:39:21.560 146.29999994562868 -34.100000007872616 346.5439449900009
2023:054:06:39:21.560 2023:054:06:44:34.620 145.59393991210737 -34.90923029170914 345.93015619669495
2023:054:06:44:34.620 2023:054:06:49:47.680 136.62762249770367 -43.22250827650018 337.92735656539287
2023:054:06:49:47.680 2023:054:06:55:00.740 117.59665907487403 -52.94525789739643 320.21876629905785
2023:054:06:55:00.740 2023:054:15:22:07.270 110.00000009190356 -55.00000003336469 313.0160592769097
2023:054:15:22:07.270 2023:054:15:26:53.778 111.12537837527852 -54.50213120880218 313.99322806405326
2023:054:15:26:53.778 2023:054:15:31:40.285 121.9524480451 -48.28410886798457 323.12827572650684
2023:054:15:31:40.285 2023:054:15:36:26.793 136.8380151869989 -33.38216283554571 334.308570541494
2023:054:15:36:26.793 2023:054:15:41:13.301 144.70426662655277 -20.91988081397929 338.9433516057365
2023:054:15:41:13.301 2023:055:15:39:10.251 146.65787400077278 -17.235809073395323 339.87499139903304
2023:055:15:39:10.251 2023:055:15:44:24.256 146.40739725324704 -18.233043141054768 339.8537865717342
2023:055:15:44:24.256 2023:055:15:49:38.261 143.52437065499 -29.047977378053876 339.29230240486703
2023:055:15:49:38.261 2023:055:15:54:52.267 135.7510104534885 -50.15188048894137 335.43938015305554
2023:055:15:54:52.267 2023:055:16:00:06.272 123.048612741052 -66.16097763849898 325.4662565585202
2023:055:16:00:06.272 2023:055:18:45:33.274 115.9999999648383 -70.49999988322611 319.1816139491465
2023:055:18:45:33.274 2023:055:18:50:44.254 118.3926127088953 -70.00163348382274 321.7562919344165
2023:055:18:50:44.254 2023:055:18:55:55.233 137.23447590439213 -62.810596293675886 342.60560058159695
2023:055:18:55:55.233 2023:055:19:01:06.213 152.54982721907646 -44.33553456456483 2.151448772677848
2023:055:19:01:06.213 2023:055:19:06:17.192 157.75190261221505 -22.705079247505473 12.670218908011455
2023:055:19:06:17.192 2023:055:19:11:28.172 158.69934651261346 -6.676359794024813 18.40707223545432
2023:055:19:11:28.172 2023:055:20:41:53.662 158.66804949202046 -1.9869409382211558 19.99936239993756
2023:055:20:41:53.662 2023:055:20:46:59.308 159.29385166312363 -2.702127747471965 20.173985020223807
2023:055:20:46:59.308 2023:055:20:52:04.955 166.35969702400646 -10.38568686231507 22.618591398525933
2023:055:20:52:04.955 2023:055:20:57:10.601 182.47848785963785 -24.46270733119944 30.81219262678099
2023:055:20:57:10.601 2023:055:21:02:16.248 205.06769428109868 -36.13551319626246 45.97885715175609
2023:055:21:02:16.248 2023:055:21:07:21.894 233.43679322298544 -41.02518743080985 67.50229563219241
2023:055:21:07:21.894 2023:055:21:12:27.541 254.47356188679396 -39.12034459920787 83.69008059536054
2023:055:21:12:27.541 2023:055:22:01:10.364 260.2266612534129 -37.74778256152591 88.00762779571251
2023:055:22:01:10.364 2023:055:22:05:55.359 259.63087758820313 -37.10077938528993 87.76039308753691
2023:055:22:05:55.359 2023:055:22:10:40.354 253.4561378316011 -29.726277217688224 85.64170632966874
2023:055:22:10:40.354 2023:055:22:15:25.348 242.5052868556876 -14.112535667363408 84.19354720879623
2023:055:22:15:25.348 2023:055:22:20:10.343 230.83236222176353 3.5955953898820168 86.17340098887973
2023:055:22:20:10.343 2023:055:22:24:55.338 217.9103489942369 20.296561545182062 91.91833267201932
2023:055:22:24:55.338 2023:055:22:29:40.333 207.23639833696964 30.49190609171588 98.54314175887211
2023:055:22:29:40.333 2023:056:07:04:52.831 203.69779930599708 33.19390220714864 100.9902702529579
2023:056:07:04:52.831 2023:056:07:08:49.796 203.64358232866192 33.23795747403569 101.52408985447083
2023:056:07:08:49.796 2023:056:07:12:46.760 203.0196490124447 33.69005875083645 107.3668414172944
2023:056:07:12:46.760 2023:056:07:34:56.242 202.69568601863844 33.89021599553439 110.22195816243408
2023:056:07:34:56.242 2023:056:07:39:36.283 203.5518644053959 33.713154166082504 109.49356387516822
2023:056:07:39:36.283 2023:056:07:44:16.324 212.86370381895148 31.112718335478153 101.64231308554729
2023:056:07:44:16.324 2023:056:07:48:56.365 225.17478706152502 25.512565834151893 91.57151792833068
2023:056:07:48:56.365 2023:056:12:05:49.242 228.57263579905052 23.45700791032091 88.88566842918213
2023:056:12:05:49.242 2023:056:12:10:39.760 228.68846562318132 24.24762858914204 89.12962742780917
2023:056:12:10:39.760 2023:056:12:15:30.278 229.77198803478583 33.08407265331374 91.8550692631204
2023:056:12:15:30.278 2023:056:12:20:20.796 230.55225911505988 46.15064472134504 96.14483500631759
2023:056:12:20:20.796 2023:056:16:21:58.359 230.5266217477804 50.15340700818677 97.62378753182797
2023:056:16:21:58.359 2023:056:16:26:44.189 229.3569170541569 49.89596588864548 98.335144836719
2023:056:16:26:44.189 2023:056:16:31:30.019 217.04530097007773 46.426117661357566 105.44975666827736
2023:056:16:31:30.019 2023:056:16:36:15.850 196.0020796368994 36.74661139194466 115.23341732517682
2023:056:16:36:15.850 2023:056:16:41:01.680 177.31449702301407 23.763004717906192 119.90930071353436
2023:056:16:41:01.680 2023:056:16:45:47.510 166.2454531083001 14.622839829758265 120.32221703630525
2023:056:16:45:47.510 2023:056:17:42:40.425 163.14865999038585 11.989033999951738 120.10270771271725
2023:056:17:42:40.425 2023:056:17:47:38.379 163.1933121227523 11.913216431892046 119.19423649755187
2023:056:17:47:38.379 2023:056:17:52:36.334 163.60160988609798 11.034699511307714 109.17993587220353
2023:056:17:52:36.334 2023:056:17:57:34.288 163.92440369306533 9.111224294601003 88.98343598563228
2023:056:17:57:34.288 2023:056:18:02:32.242 163.47998331684826 7.005965840598455 66.80155406709979
2023:056:18:02:32.242 2023:056:18:07:30.197 162.27187309663333 5.221907221910661 44.68605113333975
2023:056:18:07:30.197 2023:056:18:12:28.151 160.4817153984828 4.021083080764697 22.58611471342955
2023:056:18:12:28.151 2023:056:18:17:26.105 158.3720523967307 3.5799277337353206 0.4817714998197499
2023:056:18:17:26.105 2023:056:18:22:24.059 156.25943720411908 3.9601917990792703 338.46750244790974
2023:056:18:22:24.059 2023:056:18:27:22.014 154.94316401113647 4.6850801947603875 323.1105334469097
2023:056:18:27:22.014 2023:056:20:16:32.429 154.60199201538083 4.958581979470978 318.65415864566233
2023:056:20:16:32.429 2023:056:20:21:01.325 154.07574394609037 4.503056676368802 318.606661941874
2023:056:20:21:01.325 2023:056:20:25:30.220 148.02314413953295 -0.675897971882535 317.7656540416449
2023:056:20:25:30.220 2023:056:20:29:59.116 134.79514252727913 -11.135125036630845 314.1794575400205
2023:056:20:29:59.116 2023:056:20:34:28.012 117.25457842154114 -22.017707297322232 306.472743284708
2023:056:20:34:28.012 2023:056:20:38:56.907 97.37254206593369 -29.74884285418713 295.13250219256054
2023:056:20:38:56.907 2023:056:20:43:25.803 83.196512854712 -32.55964046279665 286.13432172783723
2023:056:20:43:25.803 2023:056:21:05:51.251 79.00000005434521 -32.999999953685894 283.39616318405535
2023:056:21:05:51.251 2023:056:21:08:31.251 79.00000004951953 -32.999999965598754 283.3937603841107
2023:056:21:08:31.251 2023:056:21:38:11.251 79.00000002838708 -33.00000001436811 283.38324159627416
2023:056:21:38:11.251 2023:056:21:40:51.251 79.00000003427328 -33.000000011226774 283.3783159162356
2023:056:21:40:51.251 2023:056:22:16:41.251 79.00000005912874 -32.99999997231116 283.3575193573552
2023:056:22:16:41.251 2023:056:22:20:38.520 79.0817640534497 -32.49843979011248 283.342118097758
2023:056:22:20:38.520 2023:056:22:24:35.788 80.0495583510169 -26.4517071903989 283.09917624666053
2023:056:22:24:35.788 2023:056:22:28:33.057 81.45569581740199 -17.532664788407605 282.5634317956941
2023:056:22:28:33.057 2023:057:04:48:00.205 81.87827103062911 -14.878296994444828 282.3650436301798
2023:057:04:48:00.205 2023:057:04:52:29.942 82.59295474426985 -14.732935736599568 282.55122162875443
2023:057:04:52:29.942 2023:057:04:56:59.679 90.7050945327133 -12.916368106866305 284.5335801486483
2023:057:04:56:59.679 2023:057:05:01:29.417 107.40118324067667 -8.316544733295 287.7194232885885
2023:057:05:01:29.417 2023:057:05:05:59.154 126.20015285273188 -2.154508346253277 289.5526477176102
2023:057:05:05:59.154 2023:057:05:10:28.891 138.1387808872613 1.9758675390097928 289.6350095640356
2023:057:05:10:28.891 2023:057:11:40:33.759 141.55644970528817 3.151177952533546 289.5002287234512
2023:057:11:40:33.759 2023:057:11:45:28.359 140.72955796840154 2.850780099853282 289.5458295661565
2023:057:11:45:28.359 2023:057:11:50:22.958 131.5797219116379 -0.508065646785131 289.75902816296036
2023:057:11:50:22.958 2023:057:11:55:17.558 112.83493381165002 -7.236251347675569 288.5323623442316
2023:057:11:55:17.558 2023:057:12:00:12.158 91.4790988965808 -13.758585714042345 284.6494773560386
2023:057:12:00:12.158 2023:057:12:05:06.757 76.14685430884859 -17.212060186790143 280.57130007738886
2023:057:12:05:06.757 2023:057:20:32:04.057 71.61137853981144 -18.0026221892139 279.2102275041767
2023:057:20:32:04.057 2023:057:20:36:44.894 72.42836660924712 -18.003747455997225 279.5394330307245
2023:057:20:36:44.894 2023:057:20:41:25.731 81.6303957142268 -17.70819190371488 283.2331766474392
2023:057:20:41:25.731 2023:057:20:46:06.568 100.49483778437738 -15.341356685590293 290.4598850685617
2023:057:20:46:06.568 2023:057:20:50:47.405 121.0087875248006 -10.175825008010818 297.102344266875
2023:057:20:50:47.405 2023:057:20:55:28.241 134.03608140223164 -5.655776925698343 300.2610599638551
2023:057:20:55:28.241 2023:058:04:48:58.660 137.7167544964642 -4.236158850618491 300.9668029030003
2023:058:04:48:58.660 2023:058:04:53:27.234 137.05997458422263 -4.45384926568819 300.8092737961758
2023:058:04:53:27.234 2023:058:04:57:55.809 129.4691365713146 -6.812665936407435 298.8251977118371
2023:058:04:57:55.809 2023:058:05:02:24.383 113.05959382035569 -10.807392879842633 293.66743499676136
2023:058:05:02:24.383 2023:058:05:06:52.958 93.44130475937973 -13.3806827764881 286.4663493411057
2023:058:05:06:52.958 2023:058:05:11:21.532 80.72335968102288 -13.705977757473214 281.53757924085534
2023:058:05:11:21.532 2023:058:06:49:45.820 77.0888269773275 -13.603058042896514 280.1273898513488
2023:058:06:49:45.820 2023:058:06:54:28.826 76.96390439581153 -12.820748928004777 280.01811696053426
2023:058:06:54:28.826 2023:058:06:59:11.833 75.67633306094476 -4.008080752195727 278.9194719981695
2023:058:06:59:11.833 2023:058:07:03:54.839 73.47906150081418 14.333967381551659 277.21998049940197
2023:058:07:03:54.839 2023:058:07:08:37.846 71.34665722544541 35.08698386412605 275.97749632209656
2023:058:07:08:37.846 2023:058:07:13:20.852 69.87589686586527 48.928384369503696 275.5464855938021
