kadi/commands/tests/data/regression/ra-dec-roll-2023030-2023060.ecsv
# %ECSV 1.0
# ---
# datatype:
# - {name: datestart, datatype: string}
# - {name: datestop, datatype: string}
# - {name: ra, datatype: float64}
# - {name: dec, datatype: float64}
# - {name: roll, datatype: float64}
# meta: !!omap
# - continuity_transitions: []
# - {start: '2023:030:00:00:00.000'}
# - {stop: '2023:060:00:00:00.000'}
# - state_keys: !!python/tuple [ra, dec, roll]
# schema: astropy-2.0
datestart datestop ra dec roll
[from data line 161]
2023:035:04:04:32.795 2023:035:04:09:23.065 151.49596328355696 2.8028962902018093 52.357180970913156
2023:035:04:09:23.065 2023:035:04:14:13.334 161.57018071345112 -13.204896564048099 48.84147176081386
2023:035:04:14:13.334 2023:035:04:19:03.604 173.052983888991 -31.591155470903374 48.28778222084792
2023:035:04:19:03.604 2023:035:04:23:53.873 187.7974061234751 -49.48541793267739 53.06112353703892
2023:035:04:23:53.873 2023:035:04:28:44.143 203.74321729747962 -60.6195680127863 62.86440211028539
2023:035:04:28:44.143 2023:035:08:45:32.277 210.18996379330156 -63.455667256633575 67.59591282623597
2023:035:08:45:32.277 2023:035:08:49:57.668 208.7071299800417 -63.38139126793596 66.15237805866741
2023:035:08:49:57.668 2023:035:08:54:23.060 192.63555431634504 -61.383411053611134 50.535161001909124
2023:035:08:54:23.060 2023:035:08:58:48.451 168.11577210250965 -51.97433669107491 27.002348539931578
2023:035:08:58:48.451 2023:035:09:03:13.842 151.9962286877918 -36.05209249974305 12.173405545840891
2023:035:09:03:13.842 2023:035:09:07:39.234 142.95222358831575 -18.830323050866685 4.582456649235254
2023:035:09:07:39.234 2023:035:09:12:04.625 138.77903893835025 -7.509234870684921 1.503697886565641
2023:035:09:12:04.625 2023:035:12:32:46.195 137.72038760457602 -4.245721168570413 0.791964833858368
2023:035:12:32:46.195 2023:035:12:36:59.411 137.65934137206392 -3.723953310239247 0.49355048000547674
2023:035:12:36:59.411 2023:035:12:41:12.627 137.14622422838477 2.4182150833539446 357.0323008657607
2023:035:12:41:12.627 2023:035:12:45:25.843 137.06635151006913 11.507894082748475 351.93927609520216
2023:035:12:45:25.843 2023:035:13:42:02.451 137.20463096421048 14.237913019706681 350.37747108871196
2023:035:13:42:02.451 2023:035:13:46:42.066 137.17411289633046 14.2430900390281 349.6132074991829
2023:035:13:46:42.066 2023:035:13:51:21.681 136.83573910127217 14.32866628927123 340.97877128840247
2023:035:13:51:21.681 2023:035:13:56:01.296 136.19345118905446 14.658575275994995 322.97209240825276
2023:035:13:56:01.296 2023:035:14:00:40.911 135.6248761266071 15.255010933516603 302.1631724048876
2023:035:14:00:40.911 2023:035:14:05:20.526 135.3121219660972 16.007848186934776 281.2917784649972
2023:035:14:05:20.526 2023:035:14:10:00.141 135.2989429197803 16.81859848490679 260.33983549321806
2023:035:14:10:00.141 2023:035:14:14:39.756 135.59069118891546 17.580046210660214 239.29789742912362
2023:035:14:14:39.756 2023:035:14:19:19.371 136.14114038928423 18.182237034115246 218.5047713265254
2023:035:14:19:19.371 2023:035:14:23:58.986 136.6142926335866 18.459732393663604 204.7551993596355
2023:035:14:23:58.986 2023:035:16:15:49.600 136.76209205121498 18.518811030914392 200.79830977888003
2023:035:16:15:49.600 2023:035:16:20:14.189 136.58211068698182 19.150113166231723 200.69814932604362
2023:035:16:20:14.189 2023:035:16:24:38.778 134.53059511073886 26.450263715953575 199.66699660140128
2023:035:16:24:38.778 2023:035:16:29:03.367 130.26660810881586 41.409329601565716 198.32590833987038
2023:035:16:29:03.367 2023:035:16:33:27.957 126.47629297396792 52.921151372197045 198.25533313273584
2023:035:16:33:27.957 2023:035:17:25:10.251 125.2000000326843 56.20000006717172 198.48183460290642
2023:035:17:25:10.251 2023:035:17:27:50.251 125.20000003456191 56.200000071216095 198.49037925740697
2023:035:17:27:50.251 2023:035:17:57:30.251 125.20000004249727 56.19999997468184 198.52654678154448
2023:035:17:57:30.251 2023:035:18:00:10.251 125.20000003705287 56.19999996666413 198.53390493836193
2023:035:18:00:10.251 2023:035:19:18:33.773 125.20000001412983 56.19999996871996 198.56491286552574
2023:035:19:18:33.773 2023:035:19:23:28.546 125.23077374741531 57.0690611117954 198.40210323795225
2023:035:19:23:28.546 2023:035:19:28:23.319 126.05959838124274 66.69790411426082 196.14486740751795
2023:035:19:28:23.319 2023:035:19:33:18.092 149.54246702467054 85.80153341825071 169.89543687198008
2023:035:19:33:18.092 2023:035:19:38:12.864 288.1523100028323 78.40518220843822 29.188577881124342
2023:035:19:38:12.864 2023:035:23:02:46.226 290.69999991723324 74.09999976319726 26.02618355562078
2023:035:23:02:46.226 2023:035:23:07:16.111 288.53433852665194 73.72616931458964 28.119591864138997
2023:035:23:07:16.111 2023:035:23:11:45.996 269.95794933961474 68.25995553764064 45.862669342718064
2023:035:23:11:45.996 2023:035:23:16:15.882 251.8305376543781 53.49519482452876 62.16479232185369
2023:035:23:16:15.882 2023:035:23:20:45.767 242.6585055171126 34.873526971443404 69.0022235169673
2023:035:23:20:45.767 2023:035:23:25:15.652 238.90065225839618 22.663870334410895 71.04639454661009
2023:035:23:25:15.652 2023:036:02:18:40.595 237.97052497176904 19.155063224040063 71.44254293868883
2023:036:02:18:40.595 2023:036:02:23:33.939 237.07107161950498 19.252838650792455 71.58021872286461
2023:036:02:23:33.939 2023:036:02:28:27.283 227.03269011933213 20.19511236464032 73.21514852723118
2023:036:02:28:27.283 2023:036:02:33:20.626 206.31386778480572 21.21388735752787 76.98783193091245
2023:036:02:33:20.626 2023:036:02:38:13.970 183.12865734874953 20.796256485232032 81.34811526053453
2023:036:02:38:13.970 2023:036:02:43:07.314 160.35659189821618 18.83421931689045 85.13480482672449
2023:036:02:43:07.314 2023:036:02:48:00.658 144.9810922872832 16.752505122576867 87.10944675367969
2023:036:02:48:00.658 2023:036:04:51:37.330 140.576987910545 16.063520115815336 87.56178486979557
2023:036:04:51:37.330 2023:036:04:56:35.509 141.48354104676386 16.127488686097045 87.54820672083596
2023:036:04:56:35.509 2023:036:05:01:33.689 151.51555746361063 16.81609568997278 87.32872154452895
2023:036:05:01:33.689 2023:036:05:06:31.868 171.96514158494367 18.045630828246537 86.51604016753606
2023:036:05:06:31.868 2023:036:05:11:30.047 194.7053119511112 18.991613970454214 85.15142271581585
2023:036:05:11:30.047 2023:036:05:16:28.227 217.4628775885752 19.36215270463847 83.50724633808858
2023:036:05:16:28.227 2023:036:05:21:26.406 233.36514737728484 19.246982611098527 82.32856911193728
2023:036:05:21:26.406 2023:036:08:15:05.495 237.9760325744727 19.15635409625488 81.99754236534766
2023:036:08:15:05.495 2023:036:08:19:39.379 237.49149719221617 18.71231838572324 81.79303313699238
2023:036:08:19:39.379 2023:036:08:24:13.262 231.9347283423596 13.782721413911297 79.22737471280642
2023:036:08:24:13.262 2023:036:08:28:47.146 219.80365877749668 4.3632854117177144 72.46278326208363
2023:036:08:28:47.146 2023:036:08:33:21.030 204.29321594837896 -4.491264852361758 62.23286099707116
2023:036:08:33:21.030 2023:036:08:37:54.913 187.20951906463753 -10.116048198581668 49.82999908845339
2023:036:08:37:54.913 2023:036:08:42:28.797 169.1057109671527 -11.744554287717607 36.15666461394461
2023:036:08:42:28.797 2023:036:08:47:02.681 151.52838713941924 -9.217884197949722 22.944349499355308
2023:036:08:47:02.681 2023:036:08:51:36.564 140.70749172212746 -5.5571416712354385 15.097781943884911
2023:036:08:51:36.564 2023:036:11:45:03.507 137.7217898383954 -4.247659036207543 12.999607322844893
2023:036:11:45:03.507 2023:036:11:50:13.788 138.13140267094232 -5.15713080727163 13.06818870310824
2023:036:11:50:13.788 2023:036:11:55:24.068 142.755379930803 -15.024128235624435 14.264340307197786
2023:036:11:55:24.068 2023:036:12:00:34.349 153.87826798683187 -34.089252130713334 19.72929475207778
2023:036:12:00:34.349 2023:036:12:05:44.629 173.58177517764804 -52.58363111022938 34.32657568601893
2023:036:12:05:44.629 2023:036:12:10:54.910 199.89247388837953 -62.01621206837722 57.251153017839506
2023:036:12:10:54.910 2023:036:16:44:40.049 210.18897711433982 -63.4570020219925 66.58273905831298
2023:036:16:44:40.049 2023:036:16:49:50.330 208.02616288512485 -63.2282825788909 64.61476385128555
2023:036:16:49:50.330 2023:036:16:55:00.611 187.3759668056344 -58.83060953138224 46.10700785626566
2023:036:16:55:00.611 2023:036:17:00:10.892 162.16408027783157 -43.784668106540224 25.370390933682394
2023:036:17:00:10.892 2023:036:17:05:21.173 147.43254613564775 -23.934460088296998 16.179284040445648
2023:036:17:05:21.173 2023:036:17:10:31.454 139.7651193884499 -8.735387208367868 13.403853873003472
2023:036:17:10:31.454 2023:036:20:04:16.594 137.722349083869 -4.24722238360425 12.999648598211644
2023:036:20:04:16.594 2023:036:20:09:05.992 137.6863331455669 -5.075678964174582 12.85661057783902
2023:036:20:09:05.992 2023:036:20:13:55.389 137.13310166130458 -14.311822217083689 11.196434561857567
2023:036:20:13:55.389 2023:036:20:18:44.787 134.86425250822234 -33.21511136788731 7.026378513687435
2023:036:20:18:44.787 2023:036:20:23:34.184 128.52516671732653 -54.1373851557117 358.9137575373767
2023:036:20:23:34.184 2023:036:20:28:23.582 105.1017529793981 -73.22844522737766 333.9132970237366
2023:036:20:28:23.582 2023:036:20:33:12.979 18.9837565585688 -75.59209747425471 246.2954978052768
2023:036:20:33:12.979 2023:036:20:38:02.377 353.44300913242006 -63.89353503749691 219.7169621685508
2023:036:20:38:02.377 2023:036:23:48:17.076 350.0572996958818 -60.04280356001775 216.02250173547466
2023:036:23:48:17.076 2023:036:23:53:13.470 350.5768190789289 -60.88838698091751 216.59664529861385
2023:036:23:53:13.470 2023:036:23:58:09.863 359.30925623350214 -69.99072947765836 225.92129818847917
2023:036:23:58:09.863 2023:037:00:03:06.257 75.37460505384013 -80.58404864782128 303.15125119828366
2023:037:00:03:06.257 2023:037:00:08:02.651 130.8494149715187 -63.95687671426409 359.92888149435004
2023:037:00:08:02.651 2023:037:00:12:59.045 139.89394056545845 -42.56214557341458 10.39163493031353
2023:037:00:12:59.045 2023:037:00:17:55.438 142.89460318748795 -20.794204321482795 15.063170437033968
2023:037:00:17:55.438 2023:037:00:22:51.832 143.77458303898553 -5.6034421716602685 17.381371605001807
2023:037:00:22:51.832 2023:037:04:56:30.029 143.9110125899259 -1.1934107355589378 17.99959876461684
2023:037:04:56:30.029 2023:037:05:01:26.547 143.89136269688404 -2.0772799183688937 17.874458074333933
2023:037:05:01:26.547 2023:037:05:06:23.064 143.539649326699 -11.85258651625329 16.449940401859873
2023:037:05:06:23.064 2023:037:05:11:19.582 141.87296799972145 -31.670580985542443 12.992960418166385
2023:037:05:11:19.582 2023:037:05:16:16.100 136.9843540226856 -53.4053680009863 6.484635881090327
2023:037:05:16:16.100 2023:037:05:21:12.617 117.4534125660284 -73.9235399394027 345.52530338668964
2023:037:05:21:12.617 2023:037:05:26:09.135 17.97035422751292 -77.38565852708247 244.6841284988306
2023:037:05:26:09.135 2023:037:05:31:05.653 352.9637499197451 -64.24385991990005 218.7163356715024
2023:037:05:31:05.653 2023:037:09:23:03.912 350.0587894769438 -60.041941699608635 215.52379263217009
2023:037:09:23:03.912 2023:037:09:27:29.132 350.1600303657984 -60.71080263643213 215.52137016250262
2023:037:09:27:29.132 2023:037:09:31:54.352 351.5321817504847 -68.41686633131363 215.71979872908346
2023:037:09:31:54.352 2023:037:09:36:19.571 1.7657414323326206 -84.66047997875988 223.55372450350163
2023:037:09:36:19.571 2023:037:09:40:44.791 166.67311619828396 -76.12607784098124 25.694320692289455
2023:037:09:40:44.791 2023:037:09:45:10.011 169.71803348490118 -64.08193754202213 26.938018072767463
2023:037:09:45:10.011 2023:037:14:15:54.512 170.27383941565154 -60.64597702261339 26.965945524715288
2023:037:14:15:54.512 2023:037:14:20:28.635 169.24324254830552 -60.1454491933555 25.89462771264814
2023:037:14:20:28.635 2023:037:14:25:02.757 159.6620555236379 -53.89620328674617 15.842411956155098
2023:037:14:25:02.757 2023:037:14:29:36.880 147.90341950693346 -38.85487846809714 3.028495442295879
2023:037:14:29:36.880 2023:037:14:34:11.003 141.0145325912437 -20.24280765119356 354.73883086308666
2023:037:14:34:11.003 2023:037:14:38:45.126 138.32271656156115 -7.829986316733173 350.9556565053081
2023:037:14:38:45.126 2023:037:19:51:44.112 137.7171834462032 -4.24464833360744 349.99926688416895
2023:037:19:51:44.112 2023:037:19:56:19.879 137.81542116847976 -4.955774728115365 350.2108484395649
2023:037:19:56:19.879 2023:037:20:00:55.646 139.13452735742962 -13.000600541148168 352.7338548462813
2023:037:20:00:55.646 2023:037:20:05:31.414 143.45637764928193 -29.58301401078289 359.1989295939621
2023:037:20:05:31.414 2023:037:20:10:07.181 153.07967956708754 -47.61486045776369 10.876339617451848
2023:037:20:10:07.181 2023:037:20:14:42.948 165.2433129816837 -58.04850859659895 24.247715746577686
2023:037:20:14:42.948 2023:037:23:25:11.712 170.2764879685425 -60.64648051797854 29.615500575273458
2023:037:23:25:11.712 2023:037:23:29:43.958 169.54167902759804 -60.02214840212759 28.96468910676544
2023:037:23:29:43.958 2023:037:23:34:16.204 162.7892221583156 -52.667059304856465 23.189856425390325
2023:037:23:34:16.204 2023:037:23:38:48.450 154.1377470302944 -36.44185520201739 16.755611021737057
2023:037:23:38:48.450 2023:037:23:43:20.696 147.9674396456829 -17.263707451049903 13.583815422350137
2023:037:23:43:20.696 2023:037:23:47:52.942 144.77867299804348 -4.773950661334584 12.750393046399445
2023:037:23:47:52.942 2023:038:03:47:58.753 143.9091528584974 -1.1917530063524802 12.64233547588143
2023:038:03:47:58.753 2023:038:03:52:42.106 144.2203597592989 -1.9254116327575483 12.697010262530465
2023:038:03:52:42.106 2023:038:03:57:25.459 147.80289409957072 -10.146356127926893 13.595349996251883
2023:038:03:57:25.459 2023:038:04:02:08.812 156.30424521368778 -26.900515454033993 17.416481369062684
2023:038:04:02:08.812 2023:038:04:06:52.165 170.3413594098389 -44.89409946091728 27.02101182118037
2023:038:04:06:52.165 2023:038:04:11:35.518 196.208567699554 -59.32876653801102 48.971580848471234
2023:038:04:11:35.518 2023:038:04:16:18.871 240.03917024013106 -63.47496563099257 89.13257424323042
2023:038:04:16:18.871 2023:038:04:21:02.224 266.86299678562744 -58.19476276908935 113.49522384058973
2023:038:04:21:02.224 2023:038:05:29:12.177 272.8095440124528 -55.80323099938672 118.7181946706153
2023:038:05:29:12.177 2023:038:05:34:14.746 271.2541180077227 -56.15282280422846 117.45172657836645
2023:038:05:34:14.746 2023:038:05:39:17.314 252.61242044036663 -58.58854811278673 101.95888372327052
2023:038:05:39:17.314 2023:038:05:44:19.883 214.93542618641663 -54.83750673784342 70.6142896783342
2023:038:05:44:19.883 2023:038:05:49:22.452 187.30702093180153 -41.248308514373434 50.30377768504472
2023:038:05:49:22.452 2023:038:05:54:25.020 170.21687571139122 -23.691719730150727 41.52709316882767
2023:038:05:54:25.020 2023:038:05:59:27.589 160.8313302311169 -10.395681221908887 39.14294111019189
2023:038:05:59:27.589 2023:038:07:07:10.505 158.27866698664647 -6.477866013169888 38.881187591083496
2023:038:07:07:10.505 2023:038:07:11:53.259 158.61168250265482 -6.232515956608404 39.59685954835028
2023:038:07:11:53.259 2023:038:07:16:36.013 162.12548172865294 -3.2006965033914985 47.52698913830879
2023:038:07:16:36.013 2023:038:07:21:18.767 167.92533830716644 4.437964728448684 63.34963596406985
2023:038:07:21:18.767 2023:038:07:26:01.521 171.82477976255743 14.700246340894502 80.88296914900194
2023:038:07:26:01.521 2023:038:07:30:44.275 172.39681951106138 25.644180330724566 98.86921811900585
2023:038:07:30:44.275 2023:038:07:35:27.029 168.84108878410862 36.17055329842602 118.8882073403203
2023:038:07:35:27.029 2023:038:07:40:09.783 160.09393013282286 44.71018019875199 142.52826841232962
2023:038:07:40:09.783 2023:038:07:44:52.537 151.08801416719191 48.42748268643831 161.0024445316319
2023:038:07:44:52.537 2023:038:08:53:23.914 148.1000000546448 49.1000000417882 166.67938078860576
2023:038:08:53:23.914 2023:038:08:57:54.524 147.51160921238528 49.21034902885765 167.71307823160748
2023:038:08:57:54.524 2023:038:09:02:25.135 141.1783559091205 49.93558615247489 178.6717882323519
2023:038:09:02:25.135 2023:038:09:38:00.440 138.00000008753437 50.00000009338682 184.11337202488332
2023:038:09:38:00.440 2023:038:09:40:40.440 138.000000059987 50.000000090159126 184.12434068356302
2023:038:09:40:40.440 2023:038:10:11:30.440 137.99999994349136 50.00000005055849 184.17073049085104
