kadi/commands/tests/data/regression/ra-dec-roll-2023030-2023060.ecsv
# %ECSV 1.0
# ---
# datatype:
# - {name: datestart, datatype: string}
# - {name: datestop, datatype: string}
# - {name: ra, datatype: float64}
# - {name: dec, datatype: float64}
# - {name: roll, datatype: float64}
# meta: !!omap
# - continuity_transitions: []
# - {start: '2023:030:00:00:00.000'}
# - {stop: '2023:060:00:00:00.000'}
# - state_keys: !!python/tuple [ra, dec, roll]
# schema: astropy-2.0
datestart datestop ra dec roll
2023:030:00:00:00.000 2023:030:01:19:10.631 190.5495644917053 32.5544638200358 83.99128492406075
2023:030:01:19:10.631 2023:030:01:24:13.988 190.23985379482002 31.966903498773206 83.4655766574779
2023:030:01:24:13.988 2023:030:01:29:17.345 186.55954215337042 25.687076819602858 77.64672427063157
2023:030:01:29:17.345 2023:030:01:34:20.702 177.67721306427978 14.254567485998408 65.38428656925248
2023:030:01:34:20.702 2023:030:01:39:24.059 165.74106876846278 4.242861581488172 50.5621383544662
2023:030:01:39:24.059 2023:030:01:44:27.416 151.73022641352105 -2.19949671073579 34.09808665378841
2023:030:01:44:27.416 2023:030:01:49:30.772 140.92270218164063 -4.133174117725737 21.666519665846323
2023:030:01:49:30.772 2023:030:04:43:21.470 137.72174444081026 -4.249146134546943 17.999604014571517
2023:030:04:43:21.470 2023:030:04:47:55.461 138.02280084201703 -4.176042099415465 18.687778477090358
2023:030:04:47:55.461 2023:030:04:52:29.452 141.3731984751438 -3.094075712933031 26.48295511152669
2023:030:04:52:29.452 2023:030:04:57:03.443 147.7524956245337 0.571330441178052 42.5498344332911
2023:030:04:57:03.443 2023:030:05:01:37.433 153.6300356027085 6.8777884972153105 60.843259550818615
2023:030:05:01:37.433 2023:030:05:06:11.424 157.3069454217492 14.695222518112516 78.82943678102399
2023:030:05:06:11.424 2023:030:05:10:45.415 158.37062010417353 23.06282501935848 96.75985251133149
2023:030:05:10:45.415 2023:030:05:15:19.406 157.50139998462336 28.488472704402326 108.98379483843802
2023:030:05:15:19.406 2023:030:07:38:10.251 157.00000000721514 29.99999994683046 112.62115001321486
2023:030:07:38:10.251 2023:030:07:42:54.762 156.9420956898275 30.42923910297903 113.33104245486803
2023:030:07:42:54.762 2023:030:07:47:39.273 155.82920283109132 35.185699075646255 121.58081191200723
2023:030:07:47:39.273 2023:030:07:52:23.785 150.34492905630114 44.2709615491594 140.95890308995513
2023:030:07:52:23.785 2023:030:07:57:08.296 137.78033102681508 51.80437806770069 168.19932126425005
2023:030:07:57:08.296 2023:030:08:01:52.807 125.81388177690701 54.07023196768095 189.6929300922951
2023:030:08:01:52.807 2023:030:10:28:10.251 122.10000001300125 54.199999945557394 196.13722912163755
2023:030:10:28:10.251 2023:030:10:30:50.251 122.10000002224227 54.19999994412573 196.16494773704056
2023:030:10:30:50.251 2023:030:11:00:30.251 122.10000006129549 54.19999996708279 196.2820497735121
2023:030:11:00:30.251 2023:030:11:03:10.251 122.10000004033435 54.199999971557304 196.29041224577801
2023:030:11:03:10.251 2023:030:11:24:41.251 122.09999995149865 54.20000006856933 196.325848480412
2023:030:11:24:41.251 2023:030:11:29:38.979 121.14424298069325 54.88615301469665 197.29163104157678
2023:030:11:29:38.979 2023:030:11:34:36.707 107.75665297158298 61.677535431148755 210.78779838790663
2023:030:11:34:36.707 2023:030:11:39:34.435 62.863662094339674 66.9928171920026 255.89323575376483
2023:030:11:39:34.435 2023:030:11:44:32.163 31.164742339583658 60.60776088525187 287.75663706380703
2023:030:11:44:32.163 2023:030:16:17:15.692 24.899999937026806 57.60000005487368 294.0702171744713
2023:030:16:17:15.692 2023:030:16:22:19.626 25.70706857187288 56.768376931905905 293.52142602753696
2023:030:16:22:19.626 2023:030:16:27:23.560 32.8845566004552 47.43460314538264 289.26083616002006
2023:030:16:27:23.560 2023:030:16:32:27.493 42.483651659650924 28.201860301893216 286.15812776212755
2023:030:16:32:27.493 2023:030:16:37:31.427 48.37303349299718 13.142382593557848 286.28306853309107
2023:030:16:37:31.427 2023:031:03:51:13.394 50.02828132830766 8.769838663060074 286.6114819163138
2023:031:03:51:13.394 2023:031:03:55:56.949 50.54552149829336 8.321163111923537 286.9547180613806
2023:031:03:55:56.949 2023:031:04:00:40.503 56.51427769831603 3.5028099994759434 291.06724792353333
2023:031:04:00:40.503 2023:031:04:05:24.058 69.9352008298538 -4.917136918378101 301.084151920306
2023:031:04:05:24.058 2023:031:04:10:07.613 87.06146310152602 -11.17682964054555 314.7689685295148
2023:031:04:10:07.613 2023:031:04:14:51.168 105.44867499689698 -12.98613013431061 329.9159651999409
2023:031:04:14:51.168 2023:031:04:19:34.722 123.4223171848949 -10.093825778276171 344.66426854492454
2023:031:04:19:34.722 2023:031:04:24:18.277 134.64366807747027 -5.791269053342541 353.6088693718152
2023:031:04:24:18.277 2023:031:08:41:10.055 137.72210228122688 -4.244141957678348 355.99962997088596
2023:031:08:41:10.055 2023:031:08:46:17.709 138.01912340795917 -5.134898466969219 356.29519477018965
2023:031:08:46:17.709 2023:031:08:51:25.363 141.63286159613892 -14.755907378209471 359.89422950229886
2023:031:08:51:25.363 2023:031:08:56:33.018 151.80839662350172 -32.98192347848748 10.045257545607289
2023:031:08:56:33.018 2023:031:09:01:40.672 171.5731449872766 -49.60894265766995 29.78760287738149
2023:031:09:01:40.672 2023:031:09:06:48.326 206.89243341130458 -57.63144597974111 65.08641962112827
2023:031:09:06:48.326 2023:031:09:11:55.980 235.03178826088958 -54.39852586086605 93.21119721307485
2023:031:09:11:55.980 2023:031:10:00:39.807 241.8403785347329 -52.15295013608074 100.01545928106184
2023:031:10:00:39.807 2023:031:10:05:00.979 240.96421314920647 -52.517582665792716 99.25591396299455
2023:031:10:05:00.979 2023:031:10:09:22.150 229.6794613531553 -56.162122989049756 89.30678477070609
2023:031:10:09:22.150 2023:031:10:13:43.322 201.37652525909633 -59.19654031839463 63.67330818851048
2023:031:10:13:43.322 2023:031:10:18:04.493 179.5652762948044 -56.79735453334411 43.9095596089295
2023:031:10:18:04.493 2023:031:17:25:19.807 174.0844826872866 -55.441416074693755 39.017622433639886
2023:031:17:25:19.807 2023:031:17:29:43.891 173.22713354621254 -54.99221192857255 38.228066869639285
2023:031:17:29:43.891 2023:031:17:34:07.975 164.67373774592028 -49.388187457999344 30.47069121033134
2023:031:17:34:07.975 2023:031:17:38:32.059 152.34650190950558 -35.868044722435506 19.94469811529208
2023:031:17:38:32.059 2023:031:17:42:56.143 143.21635010917456 -18.681638773866315 13.242631227697672
2023:031:17:42:56.143 2023:031:17:47:20.227 138.85624055630913 -7.469305336667511 10.703984496558933
2023:031:17:47:20.227 2023:031:22:37:22.269 137.72511781195792 -4.24460614429207 10.149215038214708
2023:031:22:37:22.269 2023:031:22:42:04.423 138.2043817057362 -4.511748923684771 10.755177719042608
2023:031:22:42:04.423 2023:031:22:46:46.576 143.79762151522266 -7.157446541505553 17.741118092845582
2023:031:22:46:46.576 2023:031:22:51:28.730 156.32069726964014 -10.320251141004219 33.021744505279386
2023:031:22:51:28.730 2023:031:22:56:10.883 171.15984125588054 -9.72232975433589 50.955635972050636
2023:031:22:56:10.883 2023:031:23:00:53.037 185.02162011807496 -4.733909124402628 68.04735752015422
2023:031:23:00:53.037 2023:031:23:05:35.190 196.68165733469013 3.774756114573138 83.27178161692028
2023:031:23:05:35.190 2023:031:23:10:17.344 203.12843593011968 10.940305882411407 92.46440099678786
2023:031:23:10:17.344 2023:032:08:27:08.421 204.788584126476 13.181040835639442 94.99598272149377
2023:032:08:27:08.421 2023:032:08:32:09.784 204.07573810738373 12.929592630485388 94.5934509979968
2023:032:08:32:09.784 2023:032:08:37:11.147 196.16037864562705 10.496252768135177 89.99164492519175
2023:032:08:37:11.147 2023:032:08:42:12.510 179.86366442267058 7.609559535531397 79.9890800346217
2023:032:08:42:12.510 2023:032:08:47:13.872 161.82678493744095 7.790213733097702 68.64188337925914
2023:032:08:47:13.872 2023:032:08:52:15.235 149.24732063012286 10.015793752687506 60.91308717966651
2023:032:08:52:15.235 2023:032:12:50:55.916 145.6396449330019 10.969958402059545 58.76609561762802
2023:032:12:50:55.916 2023:032:12:55:51.168 146.33283039439743 10.412663804129467 58.55995066263567
2023:032:12:55:51.168 2023:032:13:00:46.420 153.82677802264226 4.096765014972275 56.749552943257996
2023:032:13:00:46.420 2023:032:13:05:41.671 168.62394625810197 -9.201706817149361 55.6491608755207
2023:032:13:05:41.671 2023:032:13:10:36.923 185.99787049973105 -23.726801805770684 58.68036883181005
2023:032:13:10:36.923 2023:032:13:15:32.175 206.89036963477776 -36.518407412491214 67.35089072196895
2023:032:13:15:32.175 2023:032:13:20:27.427 233.73345756369366 -45.17276344916322 83.1846803623333
2023:032:13:20:27.427 2023:032:13:25:22.678 255.5352705381325 -47.19179143790484 97.66411859275996
2023:032:13:25:22.678 2023:032:17:25:40.305 261.99835338189285 -47.04666454394418 102.0146217329169
2023:032:17:25:40.305 2023:032:17:30:35.506 260.7092462720125 -47.104830324742856 101.14665369135388
2023:032:17:30:35.506 2023:032:17:35:30.706 246.40398414821283 -46.85417295309903 91.50684003872456
2023:032:17:35:30.706 2023:032:17:40:25.907 219.50650595432225 -41.62935200281361 74.27624536537817
2023:032:17:40:25.907 2023:032:17:45:21.107 195.7622208472284 -30.534042611484786 62.024117569099296
2023:032:17:45:21.107 2023:032:17:50:16.308 176.9888068080642 -16.634261403191243 56.329537439541205
2023:032:17:50:16.308 2023:032:17:55:11.508 160.4734969893898 -1.891900535214208 55.54964491104314
2023:032:17:55:11.508 2023:032:18:00:06.709 149.06450851537852 8.150810325423315 57.49562175137292
2023:032:18:00:06.709 2023:032:21:00:37.776 145.6392927331944 10.968085868808155 58.44489694617952
2023:032:21:00:37.776 2023:032:21:05:28.525 145.69911668371995 11.104498060205513 59.27108190039112
2023:032:21:05:28.525 2023:032:21:10:19.273 146.22838226228748 12.673820785828434 68.49367504821619
2023:032:21:10:19.273 2023:032:21:15:10.022 146.4783488843226 16.042849725339842 87.57684319103294
2023:032:21:15:10.022 2023:032:21:20:00.770 145.3598090302156 19.674734168745925 109.39921542136325
2023:032:21:20:00.770 2023:032:21:24:51.519 142.83670625011345 22.63930726494995 131.78946442020774
2023:032:21:24:51.519 2023:032:21:29:42.267 139.25246402246557 24.46004292383622 154.5378399339802
2023:032:21:29:42.267 2023:032:21:34:33.016 136.4651883732611 24.89575807369593 170.23748838214595
2023:032:21:34:33.016 2023:033:01:07:27.054 135.64395001495913 24.891018007351498 174.78580180077373
2023:033:01:07:27.054 2023:033:01:12:39.396 135.48324851267006 25.7209638526666 175.41811415960134
2023:033:01:12:39.396 2023:033:01:17:51.738 132.93042495829354 34.610263508205115 182.84697263648084
2023:033:01:17:51.738 2023:033:01:23:04.080 125.54045958830378 46.8650427665433 196.75475042225474
2023:033:01:23:04.080 2023:033:01:56:10.251 122.00000006373777 50.300000013823855 202.1931163874617
2023:033:01:56:10.251 2023:033:01:58:50.251 122.00000002780234 50.300000017409076 202.19895741700145
2023:033:01:58:50.251 2023:033:02:28:30.251 121.99999987607123 50.30000002736579 202.22361911919825
2023:033:02:28:30.251 2023:033:02:31:10.251 121.99999989404078 50.30000002428968 202.23174686088734
2023:033:02:31:10.251 2023:033:02:52:41.251 121.99999997032504 50.3000000922104 202.26624729287377
2023:033:02:52:41.251 2023:033:02:57:29.645 122.85073189932065 50.802451795726434 201.22122018843248
2023:033:02:57:29.645 2023:033:03:02:18.040 134.03438719827895 55.63561943299059 187.9027995703038
2023:033:03:02:18.040 2023:033:03:07:06.434 165.12321600045058 59.09647131508873 152.5333659827065
2023:033:03:07:06.434 2023:033:03:11:54.829 195.82531316565434 51.03237212319832 116.9439202014555
2023:033:03:11:54.829 2023:033:03:16:43.223 211.80682748153615 35.73493300288693 95.66893776951818
2023:033:03:16:43.223 2023:033:03:21:31.617 219.08691168169628 17.91965878210623 82.27176758073604
2023:033:03:21:31.617 2023:033:03:26:20.012 221.31721164520184 5.268190993589229 75.03746590466099
2023:033:03:26:20.012 2023:033:08:12:14.647 221.6549904946737 1.5736870372539586 73.06566141509764
2023:033:08:12:14.647 2023:033:08:17:13.638 221.81761774144212 2.463106373498271 73.17307213521336
2023:033:08:17:13.638 2023:033:08:22:12.629 223.5252178553116 12.293922630219878 74.20434414264184
2023:033:08:22:12.629 2023:033:08:27:11.620 226.76524749873388 32.17753360088139 75.50139229857818
2023:033:08:27:11.620 2023:033:08:32:10.611 229.53311858745 47.552847025395096 75.66485298440162
2023:033:08:32:10.611 2023:033:16:59:10.106 230.49136877888265 52.016129435517946 75.49666254193764
2023:033:16:59:10.106 2023:033:17:03:53.304 229.20716260325264 52.109016871532674 76.45058689165384
2023:033:17:03:53.304 2023:033:17:08:36.502 214.60950233640136 52.23281976216365 87.34006376788544
2023:033:17:08:36.502 2023:033:17:13:19.700 187.17679560991817 47.55122635291523 107.14800486243463
2023:033:17:13:19.700 2023:033:17:18:02.898 170.33519210183994 40.55503406657743 117.88567664247141
2023:033:17:18:02.898 2023:034:01:11:34.497 166.15456996556915 38.1725801165288 120.24080225956148
2023:034:01:11:34.497 2023:034:01:16:12.341 167.09616943959213 38.304201683003505 119.54097836515822
2023:034:01:16:12.341 2023:034:01:20:50.185 177.95079201469255 39.14835963430206 111.41033108011881
2023:034:01:20:50.185 2023:034:01:25:28.029 200.41376529838652 37.0224179044529 94.65163280908853
2023:034:01:25:28.029 2023:034:01:30:05.874 222.66855752785534 29.043793359264967 79.19764358209348
2023:034:01:30:05.874 2023:034:01:34:43.718 234.79833808895782 21.54462772661634 71.91101655448139
2023:034:01:34:43.718 2023:034:04:28:22.097 237.96950269556316 19.15865775726448 70.21359281653254
2023:034:04:28:22.097 2023:034:04:32:47.290 237.80073004299604 19.796936211676588 70.42833811324374
2023:034:04:32:47.290 2023:034:04:37:12.484 235.6001643689308 27.10303492183075 73.13452375127615
2023:034:04:37:12.484 2023:034:04:41:37.677 229.0520206853088 41.58235195134474 80.60469442014048
2023:034:04:41:37.677 2023:034:04:46:02.871 220.73077556948945 51.995032812953596 89.56517272590227
2023:034:04:46:02.871 2023:034:14:02:45.468 217.48525927028234 54.765786283830366 92.98539194124247
2023:034:14:02:45.468 2023:034:14:07:47.935 216.6114241658914 54.257549607814454 93.09442129861722
2023:034:14:07:47.935 2023:034:14:12:50.403 207.70450947533965 48.638269981641606 93.44202748119746
2023:034:14:12:50.403 2023:034:14:17:52.870 192.13472021591545 37.52813067561424 90.75635903981272
2023:034:14:17:52.870 2023:034:14:22:55.337 176.41039124754465 26.39556014979051 84.4640649828986
2023:034:14:22:55.337 2023:034:14:27:57.805 160.65088868460992 17.147391897591213 75.70533687857284
2023:034:14:27:57.805 2023:034:14:33:00.272 149.0830454821728 12.141471032249958 68.30610833934445
2023:034:14:33:00.272 2023:034:19:40:01.505 145.64266567343822 10.96957061166802 66.00020028353094
2023:034:19:40:01.505 2023:034:19:44:58.594 146.38623959231035 10.463672698884622 65.739512300661
2023:034:19:44:58.594 2023:034:19:49:55.683 154.3980856205192 4.673571668221619 63.32435140980247
2023:034:19:49:55.683 2023:034:19:54:52.772 170.00261630224466 -7.799426143448458 60.978909991324024
2023:034:19:54:52.772 2023:034:19:59:49.861 187.74419292143654 -21.754591461069595 62.49333333732697
2023:034:19:59:49.861 2023:034:20:04:46.950 208.2992578498829 -34.47172553345011 69.24207013265573
2023:034:20:04:46.950 2023:034:20:09:44.039 234.1179477468628 -43.80883378714278 82.6959101367053
2023:034:20:09:44.039 2023:034:20:14:41.128 255.50572302643423 -46.844274133980676 95.87930765751832
2023:034:20:14:41.128 2023:035:00:31:39.673 261.99769294373664 -47.04751663928693 100.01413855610208
2023:035:00:31:39.673 2023:035:00:36:34.720 260.7103399087482 -47.11357167918687 99.14237368642577
2023:035:00:36:34.720 2023:035:00:41:29.767 246.3980671606452 -46.945569158126744 89.43342111391237
2023:035:00:41:29.767 2023:035:00:46:24.814 219.39976268330605 -41.834885052154334 71.96809656030491
2023:035:00:46:24.814 2023:035:00:51:19.861 195.56820738990703 -30.767849054722124 59.46343173785858
2023:035:00:51:19.861 2023:035:00:56:14.908 176.80018180065778 -16.827915466115837 53.580108831598615
2023:035:00:56:14.908 2023:035:01:01:09.955 160.35963882286657 -2.000314780420784 52.64373104022983
2023:035:01:01:09.955 2023:035:01:06:05.002 149.03527485178392 8.122819601596916 54.48485798724029
2023:035:01:06:05.002 2023:035:03:59:42.526 145.63784594917948 10.967807199324781 55.40368870018791
